AGCTT:[0, 67, 1102, 3458, 3772, 4800, 5995, 8912, 11051]
CTTTT:[2, 300, 555, 2485, 5053, 5069, 5630, 7822, 10313, 10602, 10866, 11253, 11515, 11868, 11873]
TTTCA:[4, 5795, 10555, 11256, 11399]
TTCAT:[5, 10886, 11257, 11781]
TCATT:[6, 3213, 3428, 5027, 7283, 11258, 11352, 11913]
CATTC:[7, 869, 2237, 3210, 3429, 4116, 5556, 5903, 6047, 6129, 6233, 7134, 8350, 9192, 9266, 9799, 9852, 10917, 11334, 11914, 14140]
ATTCT:[8, 402, 1580, 2238, 2388, 4117, 4897, 5117, 5604, 6048, 8351, 8621, 8780, 8933, 9193, 9267, 11148, 11372, 11790, 11915]
TCTGA:[10, 71, 1638, 4119, 8623, 9231, 11523, 13304]
CTGAC:[11, 251, 287, 2795, 3850, 4084, 4120, 5942, 8161, 8699, 8960, 9398, 10724, 11543, 13305, 13600, 13735, 13837, 13866, 14103]
GACTG:[13, 1992, 3852, 5672, 7771, 8786, 11545, 13307, 13868]
ACTGC:[14, 794, 1993, 2708, 3137, 3513, 4224, 5673, 6359, 7158, 7586, 7850, 8977, 9641, 9795, 9965, 11835, 13020, 13130, 13328, 13829, 13848, 13869, 13881, 13992]
CTGCA:[15, 648, 1994, 2190, 3661, 4225, 4579, 5607, 5623, 5674, 6084, 6183, 7344, 7851, 8661, 9626, 9796, 12064, 13021, 13131, 13482, 13611, 13788, 13870, 14011]
GCAAC:[17, 4695, 6862, 7459, 7666, 12618, 12718, 12819]
CAACG:[18, 689, 947, 2156, 4037, 4551, 4626, 6408, 6863, 7329, 7460, 7718, 8098, 8425, 8611, 12668, 12824, 12920]
AACGG:[19, 240, 948, 1447, 1516, 2402, 3506, 5206, 6409, 7330, 7461, 9290, 9829, 9951, 11774, 12453, 12825, 14089]
ACGGG:[20, 561, 1024, 1448, 2403, 2979, 3407, 4031, 5207, 6410, 7331, 9521, 11555, 14090, 14108]
CGGGC:[21, 247, 296, 1449, 1937, 2725, 3080, 3408, 3707, 4032, 5208, 6043, 6099, 6229, 6411, 6606, 7354, 7456, 8088, 8505, 8745, 8838, 9522, 11276, 11556, 14109]
GGCAA:[23, 368, 1280, 1451, 2574, 2727, 3802, 4694, 5210, 6147, 6645, 6861, 7458, 10086, 10374, 12717, 12818, 12932, 14152]
GCAAT:[24, 1281, 1452, 2575, 2728, 4256, 5211, 5244, 5426, 5609, 6646, 8303, 10063, 11156, 11688, 12933, 14153]
CAATA:[25, 137, 521, 1604, 1715, 2022, 2576, 2832, 4257, 5122, 5610, 5798, 10873]
AATAT:[26, 138, 522, 1605, 1963, 2023, 2577, 2833, 2986, 3064, 4258, 4838, 5611, 7003, 8474, 11531, 12140]
ATATG:[27, 2024, 2717, 2834, 3065, 4839, 11922]
ATGTC:[29, 643, 720, 1080, 1350, 4007]
GTCTC:[31, 2933, 3343, 4459, 8124, 13352]
CTCTG:[33, 446, 962, 1652, 1858, 3602, 5775, 9337, 11541, 12355, 13354, 13519, 13885]
CTGTG:[35, 1433, 2443, 3313, 3604, 5231, 7797, 7994, 9080, 10203]
GTGTG:[37, 1435, 3606, 4664, 9478, 9738, 13378]
GTGGA:[39, 2619, 4666, 4723, 4888, 5400, 7799, 8447, 9488, 10041, 12148]
GGATT:[41, 2093, 2169, 3335, 3879, 9933]
GATTA:[42, 1178, 1379, 2094, 2170, 3336, 6526, 10469]
ATTAA:[43, 98, 1179, 3337, 4372, 5757, 5952, 6088, 9719, 11344, 12366]
TAAAA:[45, 100, 1181, 4760, 5759, 5930, 14159]
AAAAA:[46, 47, 48, 164, 273, 274, 490, 491, 790, 919, 1182, 2070, 2125, 2649, 3805, 4232, 5093, 5106, 5236, 6495, 6496, 6826, 7047, 7245, 7442, 7510, 7945, 7946, 8080, 8676, 9156, 9165, 9166, 9295, 9891, 9892, 9893, 10338, 10502, 11771, 11991, 11992, 12068, 12069, 12070, 12522, 12523, 12524, 12799, 12800, 12961, 13401, 13632, 14070, 14071, 14160, 14161]
AAAAG:[49, 275, 920, 2071, 2555, 3059, 4761, 4923, 5107, 5219, 5237, 6827, 7233, 7437, 7511, 7679, 7869, 8677, 11440, 11983, 12962, 13319, 14162]
AAAGA:[50, 1482, 1920, 1959, 3060, 3478, 3751, 4051, 4702, 4762, 4879, 4924, 5238, 5739, 6828, 7395, 7438, 7512, 7680, 8221, 8678, 8813, 8876, 8984, 9722, 10107, 10270, 11844, 12624, 12897, 12948, 13236, 13248, 13320, 13626, 13644, 14025, 14064, 14163]
AAGAG:[51, 1462, 1921, 3950, 4670, 4703, 4880, 4925, 6832, 7894, 8222, 8814, 8877, 8985, 9723, 9863, 10280, 11804, 11845, 13237, 13645, 13750, 14216]
AGAGT:[52, 173, 1463, 2456, 4671, 7390, 8815, 9864, 11614]
AGTGT:[54, 341, 1736, 8104, 9259, 10305, 10482, 10550, 10590]
GTGTC:[55, 1831, 2749, 7039, 8105, 10591, 11101]
GTCTG:[57, 1833, 2595, 2793, 4016, 4499, 4520, 8481, 8958, 9241, 12062, 12646, 12700, 12865, 13460, 13678, 13859]
CTGAT:[59, 699, 877, 891, 1176, 1377, 2758, 3118, 3472, 4943, 5566, 5845, 6301, 8579, 8624, 8756, 9339, 9686, 11839, 12375, 12448, 12867, 13156, 13392, 13507, 13953, 14002]
GATAG:[61, 681]
ATAGC:[62, 147, 682, 2677, 6393, 6697, 7708]
AGCAG:[64, 3764, 4313, 6670, 7387, 7897, 8418, 8439, 9453, 10081, 10243, 10327, 10423, 10892, 10901, 12991, 13648, 13804, 13817, 13969, 13984, 13987]
CAGCT:[66, 3771, 4426, 4450, 5994, 10903, 10912, 11050, 11161, 12682]
CTTCT:[69, 1636, 2672, 5868, 6945, 8050, 8343, 8637, 9229, 11365, 11512, 12271, 13669, 13672, 14008]
CTGAA:[72, 1269, 1444, 1479, 1639, 1785, 1806, 1974, 3491, 3748, 3854, 3871, 4336, 4699, 6169, 6874, 6957, 7164, 7483, 7773, 8492, 8520, 8856, 8981, 9232, 10538, 11311, 11328, 11524, 12511, 12519, 12541, 12568, 12945, 13119, 13447, 13680, 13887, 14047]
GAACT:[74, 1476, 2412, 3022, 7475, 8939, 9425, 9528, 10200, 13929]
AACTG:[75, 793, 928, 1477, 1783, 1893, 1906, 2413, 3023, 4235, 4266, 4334, 4654, 4697, 4766, 6358, 7585, 7831, 7849, 8463, 8496, 8518, 8631, 8690, 8940, 9021, 9117, 9159, 9426, 9529, 9640, 9964, 10201, 10544, 11006, 11291, 11589, 12566, 12976, 13072, 13828, 13847, 13880, 13930, 13951]
ACTGG:[76, 929, 1493, 1592, 1683, 1894, 1907, 2414, 3024, 3641, 3720, 4655, 4767, 5366, 5381, 6642, 7758, 7832, 8288, 8464, 8497, 8632, 8787, 8941, 9118, 9160, 9427, 9530, 11546, 12714, 13073, 13308, 13874, 13931]
CTGGT:[77, 474, 930, 1297, 2245, 2359, 3642, 4306, 4453, 5269, 5275, 5397, 5777, 7303, 7759, 8498, 8601, 8788, 9485, 9509, 12643, 12879, 13083, 13095, 13309, 13675, 13755]
GGTTA:[79, 1727, 2177, 2325, 2802, 3509, 4191, 4352, 4711, 7782, 8195, 8885, 8899, 10293, 10418]
GTTAC:[80, 768, 1695, 2736, 3510, 6990, 8004, 8196, 10056, 10068, 11675, 13341, 13581]
TACCT:[82, 813, 12549, 13583]
ACCTG:[83, 285, 472, 1035, 1471, 2188, 2441, 2874, 3659, 3833, 5229, 7884, 8642, 8697, 10646, 12184, 12550, 12742, 12838, 12913, 13006]
CCTGC:[84, 647, 1036, 2036, 2189, 3437, 3660, 3834, 4578, 6182, 6533, 7213, 7223, 7343, 7885, 8704, 9380, 9625, 10950, 11719, 11957, 12914, 13007, 13610]
CTGCC:[85, 448, 979, 2448, 2597, 2697, 2743, 2965, 3514, 3835, 4429, 4522, 4793, 4918, 4969, 6255, 6722, 7079, 7106, 7112, 7214, 7224, 7587, 10718, 11164, 11958, 13008, 13830, 13993]
GCCGT:[87, 706, 2699, 2967, 3194, 4795, 5862, 6987, 7021, 8508, 8775, 12428, 12634]
CCGTG:[88, 707, 1229, 1369, 2543, 3232, 3501, 4565, 4721, 8656, 8895, 11099, 11725, 14135]
CGTGA:[89, 1230, 1955, 2397, 2409, 2544, 2603, 3502, 4554, 4638, 4753, 4816, 5347, 6243, 8173, 9201, 9545, 9667, 12411, 14221]
GTGAG:[90, 4639, 4754, 9480, 11267, 12054, 12058]
GAGTA:[92, 5224, 6105]
AGTAA:[93, 5015, 5182, 5225, 5325, 5744, 6673, 7000, 7176, 7392, 8470, 11003, 12653]
GTAAA:[94, 1662, 2137, 2377, 4994, 5016, 5326, 6674, 6824, 7393, 7902, 7998, 8471, 9018, 10165, 10824, 11593, 11769, 12166, 12654, 13098, 13234, 13246, 13317, 13495, 13642]
AAATT:[96, 102, 166, 1578, 2139, 2434, 3035, 3857, 4873, 4996, 5082, 5115, 5306, 5329, 5856, 6475, 6688, 7292, 7487, 8246, 8931, 10340, 10620, 10993, 11282, 11931, 11971, 11994, 12077, 12436]
AATTA:[97, 167, 1243, 5083, 5307, 5330, 7293, 7488, 9925, 11343, 12437, 14096]
AAAAT:[101, 165, 459, 717, 1183, 2126, 2194, 2650, 2984, 3665, 3806, 4213, 4687, 5018, 5094, 5328, 5931, 6150, 6497, 6676, 7048, 7246, 7431, 7486, 7947, 8081, 9167, 9296, 9894, 10339, 10363, 10503, 10613, 10619, 10826, 11078, 11137, 11317, 11930, 11993, 12071, 12168, 12435, 12486, 12525, 12969, 13701, 13920, 14072]
AATTT:[103, 625, 4874, 5857, 5908, 6476, 10341, 10531, 10621, 10877, 11017, 11093, 11283, 11396, 11884, 11942, 11972, 11995, 14050, 14121, 14155]
ATTTT:[104, 543, 3367, 3881, 4979, 5793, 7812, 9630, 9776, 10622, 10970, 11354, 11397, 11448, 11885, 11943, 11996, 14191]
TTTAT:[106, 2487, 4537, 5055, 5073, 11517, 11876]
TTATT:[107, 3917, 4538, 11466, 11518, 11877]
TATTG:[108, 2180, 3918, 4539, 7971, 11467, 12440]
ATTGA:[109, 486, 602, 2181, 2219, 2384, 2430, 2436, 2580, 3859, 4998, 5616, 5669, 6023, 7593, 8248, 8390, 9146, 12909, 13110]
TGACT:[111, 1991, 5671, 8785]
GACTT:[112, 7987]
ACTTA:[113, 1825, 5136, 5680, 9696, 10478]
CTTAG:[114, 3084, 5137, 5832, 6748, 9196, 9325, 10479, 11795]
TAGGT:[116]
AGGTC:[117, 3767, 5376, 7643, 7692]
GGTCA:[118, 759, 1250, 1982, 3768, 4588, 4595, 5377, 5500, 5784, 6405, 6684, 7305, 9216, 9704, 10098, 10221, 10434, 10834, 12312, 13185, 13524]
GTCAC:[119, 760, 1352, 2058, 2501, 2905, 3886, 4512, 4596, 5378, 7417, 7599, 9217, 9245, 10703]
CACTA:[121, 2682, 11301, 11826, 13409]
ACTAA:[122, 3728]
CTAAA:[123, 1120, 3729, 5526, 10105, 12322]
AAATA:[125, 634, 1184, 1664, 2985, 5932, 6443, 7247, 8227, 8473, 10167, 10399, 10527, 11568, 12169, 14073]
AATAC:[126, 1185, 1399, 1716, 5933, 6960, 8228, 8376, 8801, 9308, 10168, 10383, 11820]
ATACT:[127, 5934, 7156, 8229, 9309, 11123, 12593, 14100]
ACTTT:[129, 554, 609, 4409, 5262, 6487, 7821, 7988, 9311, 12595, 12756]
CTTTA:[130, 514, 4068, 6206, 6488, 6806, 7607, 9312, 10731, 11918, 12596]
TTAAC:[132, 2461, 9274, 10733, 12598]
TAACC:[133, 10734, 13004, 13256]
AACCA:[134, 332, 468, 494, 2975, 4447, 4734, 5762, 6657, 6891, 7876, 8335, 9092, 9412, 10254, 10660, 10788, 12092, 12124, 12620, 12821, 13367, 13455, 13469, 13770]
ACCAA:[135, 312, 465, 1866, 2154, 4549, 7253, 7877, 8007, 8336, 9637, 9939, 9960, 10194, 11134, 12195, 12621, 12822, 13419]
ATATA:[139, 5612, 7561, 8025, 12141, 12143]
ATAGG:[141, 5338, 7497, 10711]
AGGCA:[143, 420, 2008, 2282, 4209, 5424, 5511, 5637, 6878, 8683, 9373, 10673, 11857, 12331, 12616, 12710]
GCATA:[145, 6847, 7959, 10567, 12591]
CATAG:[146, 7496]
AGCGC:[149, 752, 3629, 3953, 5561, 5983, 6395, 7538, 7714, 8362, 9046, 11655, 12940]
CGCAC:[151, 282, 1137, 1554, 1589, 3404, 3711, 3827, 4787, 5259, 6610, 8968, 10750, 12261]
CACAG:[153, 233, 3935, 5294, 6660, 10177, 11733, 13425, 13791, 13936]
ACAGA:[154, 158, 171, 269, 4743, 5334, 6029, 6884, 7026, 7523, 9607, 10178, 12114, 13760]
AGACA:[156, 2924, 4745, 6197, 7397, 10190, 11029, 13451, 13898, 14066]
AGATA:[160, 5336, 6634, 9112, 9994, 13628]
ATAAA:[162, 636, 1813, 5124, 5217, 6849, 7045, 7611, 7657, 8078, 9114, 9369, 9889, 10156, 11570, 11842, 11928, 13630, 14086]
ATTAC:[168, 210, 228, 811, 1143, 1244, 1380, 2095, 2171, 3215, 5308, 5331, 5363, 6527, 7285, 7294, 7909, 10984, 11879, 12111, 12547, 14183]
TACAG:[170, 2738, 5333, 12113]
AGTAC:[175, 3717, 6106, 7309, 8265, 8817, 8868, 9976, 10688, 10799, 11228, 12404]
GTACA:[176, 258, 358, 1872, 4244, 7024, 7762, 8266, 8791, 9767, 12405, 13758]
ACACA:[178, 267, 7764, 10860, 13043]
ACAAC:[180, 330, 763, 2504, 2939, 3221, 3758, 4652, 5163, 5406, 7881, 8333, 8592, 9090, 12122, 13453, 14017]
AACAT:[182, 640, 1275, 1611, 1816, 4375, 5408, 5516, 6540, 7153, 7628, 8921, 10153, 11068, 11347, 13050, 13975]
ACATC:[183, 360, 3275, 3414, 4376, 5517, 6199, 6541, 6734, 7673, 8199, 8295, 8922, 9401, 11031, 11069, 13015, 13051]
ATCCA:[185, 4202, 4623, 4829, 6459, 7534, 7675, 9099, 9349, 10027, 11320, 11493, 13473, 13695]
CCATG:[187, 5285, 6701, 7363, 7649, 10370, 11601, 13475]
CATGA:[188, 2285, 5485, 6263, 7347, 7364, 8236]
ATGAA:[189, 916, 1234, 1308, 2215, 2223, 2548, 2584, 3127, 3131, 3475, 3733, 3926, 4328, 4730, 5005, 5076, 5414, 5803, 6264, 6654, 7365, 7803, 7936, 8306, 8889, 9305, 9492, 10517, 10616, 11817, 11893, 11924, 12074, 12528, 13047, 13690]
GAAAC:[191, 264, 2400, 3619, 3735, 4475, 4530, 4732, 4906, 5403, 5805, 8494, 8891, 9431, 9827, 11066, 12090, 12300, 13878]
AAACG:[192, 2401, 2660, 3270, 4531, 4907, 5806, 6210, 7638, 7659, 8000, 8573, 9289, 9471, 9828, 10112, 11023, 11773, 12324, 12369, 12657, 13497, 14088]
AACGC:[193, 690, 1642, 2463, 2661, 4038, 4627, 5684, 6211, 6587, 7527, 7660, 7719, 8099, 8357, 8574, 9553, 10125, 12246, 12370, 13725, 14019]
ACGCA:[194, 944, 1383, 4738, 6588, 7288, 8100, 8358, 10987, 11457, 12460, 12628, 13714]
CGCAT:[195, 867, 4862, 5659, 6307, 6937, 7540, 9346, 10215, 11222, 12461]
CATTA:[197, 209, 227, 497, 656, 731, 810, 1142, 1526, 3214, 5028, 6087, 6711, 6927, 7284, 7908, 11259]
ATTAG:[198, 498, 657, 746, 5144, 6928, 8606, 9926, 10470]
TAGCA:[200, 6491, 6750, 6930, 8608]
AGCAC:[201, 1202, 5292, 6912, 6931, 7236, 8880, 9087, 10093, 11731, 11986, 13423, 13794]
CACCA:[203, 206, 215, 218, 224, 464, 1139, 1204, 1865, 5467, 5958, 7419, 9517, 9938, 11133, 12224, 12263, 13658]
ACCAC:[204, 213, 216, 231, 469, 1680, 2304, 2976, 4735, 5390, 5959, 6658, 6892, 8270, 9413, 9518, 12125, 12225, 12264, 13407]
ACCAT:[207, 219, 225, 333, 495, 1140, 2101, 4114, 5468, 7565, 8963, 10661, 10789, 13368, 13470, 13659, 13780]
TACCA:[212, 230, 7296, 8006]
CATCA:[221, 686, 1406, 1701, 2103, 3279, 5011, 5491, 5735, 5814, 6309, 7326, 8181, 8686, 10239, 10449, 10508, 10888, 11224, 11738, 12422, 12665, 13661]
ATCAC:[222, 462, 880, 3755, 5492, 5519, 5956, 6201, 6639, 9062, 12579, 13017, 13656]
ACAGG:[234, 260, 3936, 5100, 5295, 6661, 9679, 10757, 11643, 13937]
AGGTA:[236, 317, 325, 1208, 7193, 7900, 8037, 9127, 10186, 10980, 11339, 11807]
GGTAA:[237, 318, 326, 912, 1661, 2625, 3028, 3649, 5132, 5543, 6419, 6693, 6900, 7704, 7901, 9755, 11340, 12165, 12563, 13097, 13233, 13466, 13641, 14093]
GTAAC:[238, 319, 327, 3787, 5133, 5226, 5544, 5745, 6901, 8694, 8919, 9551, 9756, 11004, 12564, 13467]
ACGGT:[241, 949, 2908, 3507, 4169, 4586, 8883, 9771, 9952, 10096, 12697, 12826, 13603]
CGGTG:[242, 970, 1534, 1754, 1766, 1838, 2747, 2867, 3104, 3243, 4134, 4463, 4526, 4902, 6191, 7862, 9953, 10461, 12827, 13280, 13376, 13997]
GGTGC:[243, 887, 935, 971, 1052, 1221, 1373, 1767, 2721, 2884, 3318, 4464, 6756, 6780, 7863, 9511, 9954, 10462, 10819, 13281, 13998]
GTGCG:[244, 293, 1437, 1689, 1768, 2722, 3896, 3958, 4808, 7864, 8736, 9955, 10130, 10820, 13066, 13501]
GCGGG:[246, 295, 2724, 3706, 4096, 4495, 6228, 8087, 10831]
GGCTG:[249, 977, 1804, 2165, 3311, 3815, 6253, 7795, 9396, 10842, 11904]
GCTGA:[250, 837, 876, 890, 1376, 1805, 1973, 2757, 3870, 4083, 4942, 8980, 9397, 11310, 11838, 12447, 12510, 12518, 13221, 13506, 13599, 13836, 14001]
GACGC:[253, 943, 2948, 5944, 7099, 7926, 8450, 9746, 13137]
ACGCG:[254, 989, 1355, 4441, 4628, 6551, 7661, 7744, 8451, 9874, 10126, 10706, 11678, 13027, 13709, 14020]
CGCGT:[255, 1045, 1335, 1692, 2374, 2529, 2601, 3631, 3955, 4661, 5581, 5822, 6397, 6552, 7116, 8532, 9048, 9057, 9540, 9654, 10127, 10936, 12234, 13243]
CGTAC:[257, 2769, 5253, 7023, 9787, 9792, 12584, 12723, 13325]
AGGAA:[262, 622, 1090, 1459, 1900, 2552, 3020, 3671, 3938, 5726, 5878, 6472, 6920, 9153, 10198, 11528, 11645, 13927]
AAACA:[265, 639, 1815, 5404, 5515, 5703, 6539, 6600, 6793, 6882, 7152, 8119, 8414, 9677, 9921, 10089, 10158, 11067, 11209, 11641, 12350, 13041, 13403, 13634, 14015, 14207]
AACAC:[266, 2079, 3134, 5704, 5881, 6601, 6794, 12351, 13042, 13404]
AGAAA:[271, 715, 3267, 4230, 5080, 5091, 5113, 5474, 6561, 7440, 7943, 8110, 8225, 8811, 10109, 10268, 10361, 10943, 10991, 11315, 12484, 12532, 12895, 12959, 13213, 13699, 13948]
AAAGC:[276, 409, 1426, 1798, 4001, 4603, 5476, 6125, 6267, 6563, 7234, 7338, 8567, 8795, 9044, 10848, 11984, 12963, 13078, 13902]
AAGCC:[277, 863, 1915, 3145, 3356, 3613, 3782, 4105, 6118, 6187, 7339, 9235, 10444, 13079, 13903]
AGCCC:[278, 5062, 7340, 7549, 10021, 10445, 10769]
CCCGC:[280, 453, 590, 847, 1043, 1135, 1597, 2342, 2451, 3890, 4972, 6286, 6935, 6994, 7138, 7201, 7551, 9435, 10772, 12344, 13346]
CCGCA:[281, 866, 1136, 1588, 2452, 3826, 3891, 4432, 4683, 4786, 5658, 6789, 6936, 7751, 8321, 10012, 10749, 12049, 12345, 12498, 12679, 13569]
CACCT:[284, 471, 1556, 5437, 6203, 10752, 12837]
CCTGA:[286, 1175, 3454, 3849, 5565, 8491, 8578, 8698, 8755, 10537, 10647, 12374, 12944]
GACAG:[289, 5099]
ACAGT:[290, 8121, 11211]
AGTGC:[292, 673, 2827, 2999, 3094, 3291, 3895, 9866, 10745, 12515]
GGCTT:[298, 3082, 3171, 4843, 6413, 7187, 8635, 9323, 9596, 11363, 12692]
GCTTT:[299, 513, 3172, 4162, 4956, 5052, 5068, 5629, 5827, 6414, 9597, 11045, 11562]
TTTTT:[301, 302, 303, 304, 3820, 5070, 10314, 11355, 11886]
TTTTC:[306, 3822, 11255]
TTTCG:[307, 6432, 6842]
TTCGA:[308, 4288, 12759]
TCGAC:[309, 12856]
CGACC:[310, 1040, 1678, 2302, 3590, 3831, 4127, 4547, 5198, 5388, 6571, 8454, 8953, 9958, 10932, 12029, 12182, 12676, 13030, 13417, 13778]
CAAAG:[314, 1797, 1919, 2642, 4602, 5738, 7921, 10037, 12623, 13055, 14063]
AAAGG:[315, 921, 1311, 2072, 5108, 5220, 7922, 9371, 11441, 12477, 12708, 13890]
AAGGT:[316, 2044, 3674, 6172, 6754, 6778, 7192, 9126, 9735, 11442, 13891]
AACGA:[321, 1668, 3271, 3760, 4558, 5807, 6864, 7639, 8426, 8594, 8612, 9276, 10113, 12600, 12669, 12921, 13683]
ACGAG:[322, 3714, 3761, 4206, 7640, 8034, 9277, 14186]
CGAGG:[323, 1063, 2297, 2468, 4207, 5422, 5876, 7641, 8035, 11698]
AACAA:[329, 2067, 2938, 4651, 5162, 5405, 5546, 6903, 7880, 8209, 9922, 13512, 14016]
CATGC:[335, 4159, 5626, 6702, 7567, 7650, 7956, 10437, 10791, 12425, 13565]
ATGCG:[336, 1060, 1551, 1675, 2116, 4750, 5128, 5569, 6304, 7086, 8529, 9561, 9611, 10289, 10829, 10855, 11622, 11634]
GCGAG:[338, 712, 1003, 1062, 1439, 3182, 5421, 5980, 6665, 11242]
CGAGT:[339, 3715, 5180, 6617, 7375, 9073, 11243, 13856]
GTGTT:[342, 391, 1737, 1840, 3234, 8750, 10306, 10483, 10551, 13300, 13434]
GTTGA:[344, 1020, 1070, 1989, 2878, 2911, 3255, 3997, 4824, 6279, 6510, 8386, 8525, 9824, 11489, 12087, 12789, 12882, 13086, 13809]
TGAAG:[346, 1072, 4413, 12884, 13088, 13748, 13811, 14054]
GAAGT:[347, 1073, 2225, 2783, 7268, 8522, 9210, 9839, 11647, 12513, 12651]
AAGTT:[348, 1123, 2226, 2271, 2557, 2784, 2807, 7269, 7614, 8384, 8523, 9137, 11648, 12472, 12787, 12811, 13123, 13216, 13579, 13743]
AGTTC:[349, 1124, 1159, 1465, 2227, 5710, 9075, 11213, 11422, 12812, 13225, 13528]
GTTCG:[350, 2248, 3077, 3101, 3597, 5711, 7467, 11214]
TCGGC:[352, 1114, 2266, 4058, 4481, 5915, 6178, 6844, 7633, 10235]
CGGCG:[353, 740, 1115, 1330, 1573, 2119, 2133, 2864, 3113, 3374, 3555, 3704, 3911, 3965, 4059, 4281, 4482, 4493, 4868, 5496, 6240, 6275, 7463, 7517, 7700, 8150, 8926, 9034, 9054, 9175, 9355, 9405, 9537, 10052, 10667, 11174, 12455, 12794]
GCGGT:[355, 969, 1765, 1837, 2866, 3541, 4061, 5130, 5498, 6682, 7702, 8152, 10291, 13375, 13464]
CGGTA:[356, 911, 3560, 3570, 5131, 7703, 9772, 10637, 12562, 13465, 13604, 13640]
GGTAC:[357, 1209, 2705, 7761, 8038, 8790, 9766, 12189, 12753, 13706, 13757]
ATCAG:[362, 525, 619, 1407, 1702, 1723, 2104, 2689, 2996, 3280, 3668, 3809, 4216, 4378, 4820, 5012, 5038, 5589, 5815, 6310, 6451, 6736, 7006, 8182, 9363, 9620, 10018, 10240, 10450, 10575, 10641, 10889, 11159, 11225, 11739, 12901]
CAGTG:[364, 672, 802, 1507, 2011, 2826, 2998, 3041, 3093, 3894, 4109, 4151, 4591, 8103, 9258, 10581, 10589, 11500, 12052, 12334]
AGTGG:[365, 803, 2012, 2618, 3042, 3308, 4152, 4188, 4341, 4592, 8278, 9841, 9929, 10040, 10582, 10651, 11501, 11798, 12147]
GTGGC:[366, 432, 477, 709, 1756, 2013, 2370, 2532, 3043, 3226, 3309, 4153, 4342, 5357, 8279, 9082, 10652, 11361, 11406]
GCAAA:[369, 2192, 3663, 3803, 4211, 5513, 5676, 6148, 6880, 7636, 10036, 10087, 12066, 14013]
CAAAT:[370, 633, 3034, 6135, 6687, 7255, 7291, 10852]
AAATG:[371, 718, 2320, 2651, 3731, 4079, 5095, 5126, 5528, 5535, 6136, 6498, 6677, 6851, 7049, 7256, 7776, 8082, 9168, 9495, 10364, 10614, 10827, 10853, 11079, 11138, 12072, 12487, 12526, 13702, 13921]
AATGC:[372, 414, 1454, 2205, 4080, 4749, 5127, 5536, 6137, 7050, 7410, 7806, 10288, 10365, 10828, 10854, 11139, 11307, 11633, 11896, 12935, 13922]
ATGCA:[373, 1455, 2206, 3250, 4715, 5058, 5242, 6703, 7957, 11578, 12936, 13923]
GCAGA:[375, 2920, 3352, 4933, 6783, 8188, 8663, 8828, 9947, 10121, 10941, 11610, 12957, 13023]
CAGAA:[376, 2972, 3353, 4934, 6019, 6216, 8109, 8664, 8829, 9948, 10122, 10245, 10267, 10425, 10942, 10990, 12483, 12958, 13209, 13650, 13698, 13717, 13947]
AGAAC:[377, 1904, 2185, 2973, 3653, 4332, 4764, 4935, 7525, 7626, 8665, 9949, 10123, 10151, 10272, 12244]
AACGT:[379, 538, 765, 2157, 3223, 4532, 4552, 4908, 4937, 8001, 9015, 9472, 9758, 11024, 12325, 12658, 13492, 13498]
ACGTT:[380, 766, 1018, 2053, 2158, 2734, 4533, 4572, 4618, 4909, 5311, 5598, 7602, 8002, 8164, 9473, 9759, 9822, 9879, 10408, 12098, 12154, 13000, 13168, 13252, 13339, 13615]
CGTTT:[381, 1292, 1927, 2991, 3010, 3163, 3914, 3968, 4319, 4384, 4534, 4573, 5698, 6429, 7118, 8766, 9358, 9420, 11463, 11625, 11713, 12099, 12155, 13616, 14199]
GTTTT:[382, 2559, 3011, 3236, 3677, 3819, 4535, 6430, 6840, 8071, 10553, 11246]
TTTCT:[384, 3238, 10972, 11870]
TTCTG:[385, 1295, 1413, 2243, 2357, 8848, 11522, 11975, 12506]
TCTGC:[386, 1414, 5606, 8052, 11976, 12507, 14010]
CTGCG:[387, 694, 967, 1037, 1415, 1835, 2037, 2709, 3138, 4544, 4813, 4985, 5300, 5978, 6324, 6534, 7159, 7886, 8053, 8950, 9381, 9642, 10812, 11720, 11906, 11977, 12685, 12915, 13462, 13861]
GCGTG:[389, 1562, 1687, 4752, 4815, 6242, 8748, 8841, 9666, 10814]
CGTGT:[390, 1830, 3233, 4663, 8749, 11100]
GTTGC:[393, 1000, 1842, 2108, 2478, 3634, 4270, 4420, 4989, 5771, 6728, 6772, 7271, 7731, 8155, 8166, 9501, 9805, 9845, 10308, 10485, 11010, 11170, 11181, 11218, 13125, 13218]
TGCCG:[395, 548, 705, 1586, 2480, 2522, 2612, 2955, 3462, 3636, 3691, 5861, 7020, 7733, 7974]
GCCGA:[396, 534, 549, 2028, 2613, 2956, 3069, 3637, 6483, 7653, 8282, 10146, 10440]
CCGAT:[397, 994, 1057, 1720, 2957, 3070, 4976, 5790, 5924, 6574, 6763, 7276, 7654, 7913, 8805, 9447, 9558, 10072, 11086, 11391, 11416, 11575]
CGATA:[398, 830, 2958, 4560, 6076, 6516, 6575, 7043, 7277, 7655, 8092, 8135, 8806, 10709, 11087, 11121, 11392, 12761, 13589]
ATATT:[400, 832, 2428, 2578, 3686, 4091, 5614, 7279, 8475, 11370, 11532, 12763]
TCTGG:[404, 1296, 2244, 2358, 5274, 6947, 8935, 11374, 12815, 13674]
CTGGA:[405, 1473, 1494, 1776, 1887, 2167, 2415, 3055, 3187, 3697, 3721, 3877, 3946, 4018, 5722, 6948, 7062, 8483, 8672, 8936, 9161, 9386, 9428, 9731, 9809, 10695, 10844, 11234, 12240, 12648, 12702, 13074, 13335, 13875]
GGAAA:[407, 1889, 2318, 2982, 3057, 3723, 5104, 5402, 7149, 7429, 8485, 8674, 9163, 9430, 10611, 10846, 13076, 13877, 13958]
GAAAG:[408, 1310, 1481, 1958, 3477, 3750, 4000, 4185, 4338, 4701, 6124, 6266, 8983, 9043, 10847, 12947, 13077, 13121, 13889]
AAGCA:[410, 1201, 3031, 4312, 6126, 7235, 8568, 10422, 10849, 11985, 13422, 13803, 13816, 14173]
AGCAA:[411, 1780, 1795, 3032, 3287, 6492, 6751, 7507, 8423, 8569, 8609, 9468, 10335, 10784, 10850, 11075, 11270, 13274, 13972, 14174]
CAATG:[413, 1282, 1453, 1868, 2204, 2729, 3993, 5212, 6591, 6647, 8304, 9102, 10064, 11689, 12934, 13201]
ATGCC:[415, 532, 2026, 2813, 3067, 4292, 5537, 6481, 7051, 7411, 7492, 7568, 7651, 8328, 9590, 10351, 10366, 10438, 10792, 11191, 11897, 12426, 13197, 13566, 13978]
GCCAG:[417, 505, 1224, 3017, 3294, 3516, 6257, 6724, 7094, 7226, 7384, 7621, 7726, 9782, 11166, 12481]
CCAGG:[418, 506, 2006, 3018, 3295, 3359, 3390, 3517, 3792, 4831, 5509, 6918, 7095, 7690, 7727, 10184, 10978, 11752, 12290, 12392, 13430]
CAGGC:[419, 2007, 3422, 3518, 3529, 3538, 4300, 4315, 4612, 4832, 5040, 5510, 5591, 6706, 6819, 7299, 8723, 8946, 9455, 10101, 10452, 10672, 10676, 11537, 11741, 11753, 11856, 12330, 12615, 12631, 13819]
GCAGG:[422, 428, 897, 1457, 1898, 2208, 3421, 3528, 3537, 5639, 6470, 6705, 8647, 8945, 10415, 10675, 13133, 13484, 13925]
CAGGG:[423, 1629, 3296, 3360, 3793, 3811, 7035, 7449, 8184, 8648, 10083, 10558, 12903, 13293, 13485, 13773]
AGGGG:[424, 3794, 3812, 9004, 10608, 11811, 14116, 14149]
GGGCA:[426, 669, 807, 3801, 6146, 10586, 12082, 14151]
GGCAG:[427, 670, 800, 896, 1505, 1897, 3420, 4932, 5289, 8187, 8467, 8646, 8944, 9084, 9106, 9571, 10587, 12083]
CAGGT:[429, 898, 1050, 1207, 1725, 2209, 3766, 6437, 7691, 7728, 7899, 9659, 10185, 10416, 10979, 11338, 13431, 13806]
AGGTG:[430, 1051, 1541, 2210, 6438, 6755, 6779, 9660, 9736, 10283, 11443, 13432, 13892]
GGTGG:[431, 476, 932, 1535, 1755, 3105, 3244, 5399, 6402, 9487, 9661, 10431, 12747, 12750, 13182, 13296]
GGCCA:[434, 1523, 4034, 9816, 11408]
GCCAC:[435, 4569, 6731, 8330]
CCACC:[436, 844, 5455, 5466, 7696, 11132, 12836]
CACCG:[437, 905, 3230, 4857, 5456, 5521, 5922, 7697, 8272, 8970, 9834, 10010, 11426, 11581, 12493, 12581, 13555]
ACCGT:[438, 825, 3231, 3500, 4564, 6769, 7170, 8140, 8273, 8379, 8894, 8955, 9790, 10275, 10386, 11098, 11427, 12582, 12721, 13102, 13738]
CCGTC:[439, 826, 2968, 3447, 5320, 8141, 8956, 10387, 12863]
CGTCC:[440, 6554, 9050, 10388, 10965]
GTCCT:[441, 645, 1082, 6464, 11955]
CCTCT:[443, 2144, 2774, 3906, 4197, 7966, 9226, 14126]
CTCTC:[444, 2775, 3907, 7240, 8346, 14127]
GCCCC:[450, 2815]
CCCCC:[451, 1133, 8203, 9899, 9900, 12008]
CCCCG:[452, 1134, 2816, 9445, 9901, 10627, 10771, 13345]
CCGCC:[454, 571, 574, 848, 907, 3387, 3623, 4680, 4973, 5167, 5449, 5452, 5458, 6287, 6760, 6995, 7139, 7202, 7210, 7576, 7789, 10354, 12495, 14131]
CGCCA:[455, 728, 1601, 1619, 3388, 3990, 5453, 5464, 5714, 5946, 6110, 6213, 6288, 6996, 7323, 7361, 7557, 7577, 7647, 9614, 9990, 10077, 11130, 11599, 11657, 11750]
CCAAA:[457, 632, 1918, 4601, 4921, 7231, 7677, 7828, 7920, 14204]
CAAAA:[458, 2193, 3664, 3804, 4212, 4686, 4922, 6149, 6494, 7232, 7244, 7436, 7509, 7678, 8571, 9919, 10337, 10501, 11077, 11136, 11982, 12067, 12348, 12434, 14205]
AAATC:[460, 1193, 2127, 2195, 3551, 3666, 3807, 3929, 3941, 4214, 4688, 5019, 6091, 6151, 6157, 6247, 7432, 7857, 7904, 7948, 8112, 8487, 8859, 9297, 9895, 10504, 11318, 11595, 11764, 12778, 12970, 13515, 13693, 13960]
AATCA:[461, 1387, 3667, 3808, 4215, 5008, 5037, 5955, 6422, 6450, 6638, 7056, 7433, 7905, 9189, 10505, 10574, 11158, 11331]
CAACC:[467, 4446, 7667, 8318, 8338, 10253, 12046, 12619, 12719, 12820, 13532, 13547, 13769]
CCTGG:[473, 1472, 2666, 3054, 3945, 5268, 6224, 7184, 7792, 8130, 8406, 8643, 9593, 10924, 12185, 12551, 12743, 12839, 13082]
GGCGA:[479, 711, 2492, 2534, 2655, 3045, 3123, 3181, 3410, 4506, 5420, 6569, 7356, 8090, 8133, 8410, 11119, 11278, 13776, 14111]
GCGAT:[480, 3046, 3124, 4283, 4484, 5342, 7501, 8091, 8134, 9177, 9458, 9644, 10679, 11120, 11176, 11908, 12256, 12363]
CGATG:[481, 530, 1058, 1078, 1096, 1348, 1670, 2089, 3047, 3125, 4005, 4290, 4631, 6764, 6866, 7502, 7983, 8596, 9448, 9559, 10349, 11177, 11417, 11576, 12602, 13595, 14033]
ATGAT:[483, 1672, 2350, 2629, 3259, 4325, 4727, 5002, 5214, 5486, 5848, 6007, 6715, 8394, 9170, 10045, 12130]
GATTG:[485, 1745, 3394, 5149, 7380, 8389, 10047, 12377]
TGAAA:[488, 604, 2432, 3999, 9826, 11065, 11566, 12089]
GAAAA:[489, 605, 918, 1890, 2124, 2554, 2648, 2983, 3058, 3724, 5105, 5235, 7150, 7166, 7430, 7485, 8675, 9155, 9164, 9294, 10612, 10618, 12521]
AAAAC:[492, 606, 638, 791, 1891, 2659, 3269, 3725, 4233, 5760, 7151, 7167, 7443, 8572, 9157, 9920, 10111, 11772, 12349, 12534, 12656, 12801, 13402, 13633, 13845, 14206]
AAACC:[493, 3620, 4733, 5761, 7168, 7786, 8892, 9432, 10297, 10787, 11572, 12091, 12535, 12802, 13100, 13366]
TAGCG:[500, 5834, 9198, 9883]
AGCGG:[501, 3568, 4146, 4471, 6097, 6273, 6739, 6970, 7423, 8743, 9353, 9577, 9906, 10459, 10895, 12953, 13638, 14211]
CGGCC:[503, 3585, 6179, 7724]
CAGGA:[507, 621, 1089, 1458, 1899, 3019, 3391, 3670, 4435, 5640, 6471, 6919, 7096, 8324, 9095, 9152, 9365, 12291, 12393, 13134, 13926]
AGGAT:[508, 3392, 5147, 5641, 8325, 9096, 9366, 11787, 12292]
GATGC:[510, 1674, 5568, 6303, 7085, 8327, 8396, 8528, 11190, 14004]
ATGCT:[511, 1707, 3868, 4081, 4160, 5627, 6138, 7807, 8397, 8598, 11140, 11308, 12604, 13597, 14005]
TTACC:[516, 3370, 4174, 4948, 11096]
TACCC:[517, 1145, 4949, 6992, 9699, 13343]
ACCCA:[518, 3790, 4087, 4599, 5200, 6924, 7131, 7312, 7669, 7740, 9984, 10182, 10227, 10404, 11823, 12288, 12834]
CCAAT:[520, 1264, 1603, 2831, 3992, 7054, 9101, 10024, 10872, 13200]
ATATC:[523, 1606, 1819, 1964, 2260, 2987, 4259, 5194, 6010, 6457, 6577, 6718, 7004, 7197, 7961, 8094, 8177, 11412, 11963, 13159, 13591]
CAGCG:[527, 1289, 1345, 3628, 5560, 6312, 6387, 6738, 6969, 7422, 7537, 7713, 8361, 9352, 9784, 10140, 10257, 10458, 10894, 11402, 11460, 11654, 12609, 12939]
AGCGA:[528, 1094, 1346, 1428, 3564, 4003, 4605, 4893, 6269, 7401, 7844, 8797, 8999, 9884, 10395, 12209, 12965, 13916]
CCGAA:[535, 550, 1396, 2064, 2332, 2614, 4177, 4648, 7891, 8116, 8550, 9710, 9860, 10147, 10300, 10441, 11437, 12137, 12250, 13038, 13729]
CGAAC:[536, 551, 926, 2065, 2333, 4649, 7128, 7520, 9013, 12340, 12671, 12974]
ACGTA:[539, 2768, 9016, 9316, 9549, 11025, 11861, 12659, 13315, 13324, 13493]
CGTAT:[540, 743, 852, 1362, 3196, 3326, 6390, 8510, 8618, 8777, 9059, 9317, 11429, 12636, 12660, 13151, 13194]
GTATT:[541, 744, 853, 1363, 8604, 8619, 8778, 9318, 9774, 10982]
TTTTG:[545, 3013, 9778, 10316, 11357, 11450, 11888, 11998]
TTTGC:[546, 2561, 3014, 4981, 7824, 9779, 10868, 11248, 11999]
TTGCC:[547, 628, 704, 1585, 2521, 2954, 3015, 3690, 3971, 5860, 7825, 9780, 10869, 11249, 11286, 11507, 11716]
AACTT:[553, 608, 4477, 5135, 5679, 8048, 9695, 10477]
TTTGA:[557, 10604, 11451, 11889]
TTGAC:[558, 4489]
TGACG:[559, 1022, 4490, 7595, 12791]
GACGG:[560, 1013, 1023, 1511, 4491, 8239, 12792, 13602]
CGGGA:[562, 2316, 2404, 2980, 7332, 9207, 11187]
GGACT:[564]
GACTC:[565, 13061]
ACTCG:[566, 1849, 2507, 3160, 4358, 4367, 4515, 5256, 13062, 13191, 13764]
CTCGC:[567, 2391, 5257, 8126, 8761, 12232, 13765]
CGCCG:[569, 572, 849, 908, 992, 2062, 2465, 3385, 4681, 4974, 5168, 5450, 5459, 5656, 6237, 6614, 6761, 7101, 7203, 7208, 7721, 7749, 7889, 8763, 9417, 10355, 10776, 11389, 11695, 11723, 12248, 12384, 12496, 13727]
CGCCC:[575, 1154, 1358, 2663, 3624, 7529, 9555, 10172, 12104, 13964, 14080, 14132]
CCCAG:[577, 1156, 3626, 6017, 6917, 7546, 10456, 10766, 13945, 13966, 13981]
CCAGC:[578, 1225, 2002, 3285, 3627, 6968, 7227, 7385, 7536, 7547, 7712, 9351, 9783, 10029, 10079, 10325, 10457, 10767, 10911, 13967, 13982]
CAGCC:[579, 1226, 2003, 2691, 3282, 3451, 3846, 4380, 4645, 4718, 5061, 5787, 7228, 7548, 9622, 9707, 10020, 10030, 10263, 10577, 10768, 12315]
AGCCG:[580, 864, 1227, 1498, 1924, 2692, 3146, 3614, 3783, 4381, 4646, 4719, 4784, 5788, 6119, 6188, 7351, 9708, 10031, 12316, 12861, 13114, 13240, 13904]
CCGGG:[582, 1302, 3331, 5044, 5540, 6605, 7353, 8504, 8837, 9206]
CGGGG:[583, 1025, 1303, 2859, 3332, 7425, 9908]
GGGGT:[584, 1026, 3795, 12844]
GGGTT:[585, 2324, 2845, 3298, 3796, 4351, 4710, 5046, 6811]
GGTTC:[586, 951, 2247, 3076, 5271, 8500, 13205]
GTTCC:[587, 952, 1160, 1419, 4026, 4677, 4848, 8501, 8752, 9076, 10959, 10998, 11295, 13105]
TCCCG:[589, 3445, 3977, 7137]
CCGCT:[591, 1500, 2482, 2634, 2694, 3148, 5523, 7103, 7109, 7217, 7480, 7735, 9436, 10721, 10728, 11583, 12386, 12538, 12927, 12985, 13116, 13347, 13444, 13906]
CGCTG:[592, 692, 697, 1501, 1771, 2308, 2635, 2695, 3116, 3489, 4040, 4304, 4791, 4811, 5431, 5575, 5686, 6167, 6299, 6625, 7077, 7104, 7110, 7162, 7481, 7928, 8159, 9384, 9567, 9684, 9729, 9748, 10004, 10716, 10722, 11232, 11479, 12539, 12641, 12688, 12928, 13117, 13139, 13348, 13390, 13445, 13864, 14045]
CTGGC:[594, 798, 975, 1503, 1521, 1593, 1684, 1802, 1895, 1908, 2310, 2421, 2667, 3169, 3322, 3418, 4042, 4390, 4504, 4656, 4692, 4930, 5382, 5433, 5577, 6225, 6251, 6567, 6627, 6643, 7185, 7793, 7833, 7952, 8131, 8465, 8633, 8644, 8942, 8990, 9119, 9531, 9569, 9594, 10006, 10925, 11375, 11547, 11757, 12690, 12715, 12816, 12930, 13141, 13932]
GGCGC:[596, 1910, 1939, 2312, 2372, 3709, 4344, 4392, 5384, 5579, 6608, 7014, 7452, 8906, 10213, 10561, 10654, 11549, 11693]
GCGCA:[597, 1553, 1911, 3376, 3403, 3710, 3778, 4393, 4423, 6306, 6609, 8907, 10214, 10669, 11221, 11979, 12917]
CGCAA:[598, 945, 1384, 1912, 3779, 4444, 4684, 4739, 6133, 6589, 6790, 7289, 7716, 7752, 8908, 9674, 10251, 11980, 12346, 12918, 13767]
CAATT:[600, 5907, 8009, 8559, 11016, 11941, 14154]
AATTG:[601, 2218, 2435, 3858, 4022, 4997, 6022, 6368, 6689, 8010, 8247, 8560, 10117, 10994, 11932, 12078, 12173]
AAACT:[607, 792, 1892, 2379, 3726, 3736, 4234, 4265, 4356, 4476, 5678, 6906, 7444, 7584, 7830, 7848, 8462, 8495, 8585, 8630, 9020, 9116, 9158, 9963, 10945, 12301, 13071, 13827, 13846, 13879, 13950]
CTTTC:[610, 1104, 2241, 2253, 2355, 4163, 4957, 5263, 5828, 6035, 7989, 8537, 9650, 10136, 10884, 11046, 12757]
TTCGT:[612, 11672]
TCGTC:[613, 8260]
CGTCG:[614, 827, 1751, 2086, 2841, 7125, 8170, 9542, 11386]
GTCGA:[615, 722, 786, 828, 1076, 2087, 7041, 7126, 12468, 14040]
CGATC:[617, 724, 779, 1721, 2513, 3071, 5343, 7914, 8428, 8614, 9178, 9459, 9645, 10073, 10598, 12257, 12923]
GAATT:[624, 2217, 3841, 4021, 6367, 14049, 14120]
ATTTG:[626, 702, 1008, 3688, 4399, 4487, 5858, 10209, 10342, 10682, 10878, 11284, 14051]
TGCCC:[629, 7273, 10487, 11508]
GCCCA:[630, 7589, 10368, 10455, 10488, 10794, 13980]
CCCAA:[631, 7919, 10023, 10795]
AATAA:[635, 1272, 1665, 1812, 5123, 5159, 5799, 6444, 6888, 7407, 9888, 10380, 10400, 10528, 10541, 10571, 10874, 11569, 11927, 12170, 14074]
ACATG:[641, 883, 1276, 1874, 2798, 8064, 12128, 13045, 13976]
GCATG:[650, 1324, 2284, 5625, 6974, 7346, 7955, 13564]
CATGG:[651, 1325, 2779, 5286, 5503, 6350, 7011, 10371, 11602, 12463, 13370]
ATGGC:[652, 735, 894, 1278, 1326, 1876, 2490, 2590, 2653, 3121, 4072, 4841, 5287, 5418, 6679, 7012, 8084, 9104, 9394, 10372, 11081, 11691, 12220, 12489, 14167]
GGCAT:[654, 808, 1257, 4044, 6045, 6231, 7954, 10927, 12906]
GCATT:[655, 809, 1258, 2236, 2887, 3398, 4045, 5555, 5667, 5902, 6046, 6086, 6232, 9628, 9798, 10207, 11683, 12907, 14139]
TAGTT:[659, 9327]
AGTTT:[660, 1410, 2289, 2458, 2558, 2808, 6292, 6337, 6619, 9138, 9328, 10231, 11111, 11245, 11649, 11703, 11830, 13744]
GTTTG:[661, 1739, 2847, 3164, 3300, 3969, 4320, 4385, 5048, 5780, 6293, 7119, 8767, 9139, 9421, 11112, 11505, 11714, 12359, 13745]
TTGTT:[663, 3680, 8769, 11114]
TGTTG:[664, 999, 1069, 1988, 5999, 8770, 11115]
GTTGG:[665, 1761, 2160, 2571, 2702, 3645, 3798, 4911, 6000, 6143, 6858, 8771, 10839, 11116, 11666, 12309, 13179]
TGGGG:[667, 2162]
GGGGC:[668, 806, 2163, 10585]
GCAGT:[671, 801, 1506, 2010, 3252, 4150, 8468, 9107, 9572, 10588, 10686, 12084, 12333]
GTGCC:[674, 1053, 1222, 2828, 3095, 3292, 4465, 4567, 6757, 6985, 7619, 10144, 10463, 10746]
GCCCG:[676, 1055, 1596, 2450, 2541, 3587, 4971, 7274, 9534, 11084]
CCCGG:[677, 1979, 2817, 3978, 5064, 9535, 9701, 10628, 13259, 13550]
CCGGA:[678, 1189, 2337, 3616, 3838, 4142, 5190, 6121, 6557, 6581, 7082, 8372, 9836, 10466, 13260]
CGGAT:[679, 2017, 2425, 2714, 5191, 6058, 6582, 7083, 7837, 10467, 11776]
AGCAT:[684, 1404, 3208, 6127, 6454, 7009, 8059, 9850, 11736]
ATCAA:[687, 1608, 2020, 5736, 6355, 6423, 6597, 7327, 7434, 8096, 8316, 8582, 8627, 8687, 12666, 12870, 13053, 13545, 13662]
ACGCT:[691, 1212, 1643, 2307, 2949, 4039, 4790, 5574, 5685, 6624, 7927, 8029, 8820, 9220, 9566, 9728, 9747, 10802, 11231, 13138, 13389, 14044]
GCGCT:[696, 1117, 1770, 1940, 2564, 3115, 4303, 4345, 4810, 7015, 7076, 7161, 8158, 9383, 9407, 9683, 10003, 10655, 10715, 11550, 12687, 13863]
GATTT:[701, 3880, 4945, 11447, 11778]
CGTGG:[708, 1370, 1563, 1658, 2531, 3225, 4722, 4887, 5356, 6399, 7262, 8446, 8842, 8896, 10815, 11405, 12020]
CGAGA:[713, 1004, 2346, 6666, 7403, 9278, 9586, 14187]
AATGT:[719, 1283, 1869, 3994, 4180, 6852, 10065, 11486]
ATCGC:[726, 1152, 2129, 3383, 3487, 5429, 5967, 6220, 6802, 6940, 7180, 7321, 8297, 8430, 8966, 9342, 9988, 10075, 10249, 11058, 11128, 11477, 11597, 11748, 11965, 12259, 12639, 12729, 13395, 13962, 14078]
CCATT:[730, 1525, 1621, 5716, 6065, 6710, 6926, 7133, 7591, 10739, 10968, 12034, 13108]
ATTAT:[732, 1527, 2686, 5029, 5084, 5411, 5964, 6712, 7318, 7489, 11260, 12213, 12438, 12771, 14097, 14180]
TATGG:[734, 2489, 4071, 5086, 8902, 11262, 11707, 12215]
GGCCG:[737, 4658, 8281, 8507, 8774]
GCCGG:[738, 2745, 3692, 3837, 4524, 5043, 5539, 7081, 7570, 7975, 10465, 13832, 13995]
CCGGC:[739, 873, 2233, 2818, 3203, 3373, 3525, 3578, 3584, 3693, 3979, 4867, 5065, 5552, 5664, 5885, 6239, 6383, 7699, 7723, 8825, 8972, 9033, 9053, 9536, 10033, 10060, 10666, 11153, 12318, 12588, 13551, 13833]
GCGTA:[742, 2135, 3325, 4992, 6630, 6822, 8055, 10822]
TAGAA:[748]
AGAAG:[749, 1484, 3354, 5741, 5840, 6830, 8019, 8680, 8830, 11848, 12401, 12950, 13210, 13651, 13718, 13814, 14057]
AAGCG:[751, 1093, 1427, 1788, 4002, 4470, 4604, 4892, 6268, 6426, 8553, 8742, 8796, 9045, 12952, 12964, 13915]
CGCGC:[754, 990, 1333, 1356, 1599, 2525, 2527, 3961, 4442, 4860, 5462, 6343, 7206, 7553, 7555, 7745, 7747, 8432, 8434, 9344, 10774, 10779, 11106, 13558]
CGCGG:[756, 2131, 2314, 2712, 3111, 3533, 3546, 3558, 3963, 7454, 7662, 8299, 10563, 11679, 12731, 13560]
CGGTC:[758, 784, 1249, 1981, 3542, 3986, 4062, 4518, 4587, 5499, 6683, 7572, 7977, 9215, 9703, 10097, 10220, 12698, 13034]
CACAA:[762, 1423, 2503, 3757, 4076, 6894, 7854, 8332, 9089, 11630, 11988, 12121]
CGTTA:[767, 1694, 2112, 2735, 4619, 5312, 5599, 6989, 7172, 8003, 9880, 10055, 11379, 11473, 11674, 13001, 13169, 13253, 13340]
TACTG:[770, 1492, 3512, 5365, 11834]
ACTGT:[771, 1432, 4236, 4267, 8691, 9022, 9282, 10202, 10545, 11007, 11292, 11590, 12977]
CTGTT:[772, 983, 1710, 2637, 2876, 3099, 3817, 4237, 4268, 4418, 6141, 7930, 8215, 8708, 9270, 9283, 11008, 11293, 11481, 12357, 12574, 13288]
GTTAT:[774, 1728, 2113, 2178, 2326, 3484, 4192, 4620, 4712, 8886, 8900, 11474, 12576, 13170]
TATCG:[776, 1730, 3486, 4804, 5966, 7320, 11476, 12773]
ATCGA:[777, 1731, 1821, 3262, 4261, 4276, 5178, 5196, 5874, 6093, 6153, 6514, 9011, 9464, 10512, 10930, 11071, 11201, 12180, 12774, 12780, 12972, 13161, 13362, 13575, 13593, 13854, 13911]
ATCCG:[781, 2632, 3329, 4865, 5550, 5662, 6579, 6787, 7859, 8114, 8654, 8835, 9131, 10664, 11414, 12925]
CCGGT:[783, 910, 1248, 1980, 2175, 2746, 3985, 4133, 4525, 6190, 7571, 7861, 7976, 8193, 9702, 10629, 10636, 12561, 13033, 13996]
GGTCG:[785, 1319, 3108, 3543, 3987, 4063, 5277, 7644, 7978, 11605, 11710, 12381, 12467]
CGAAA:[788, 1576, 2657, 4263, 4871, 6155, 6537, 7582, 7846, 7867, 8117, 8412, 8565, 8929, 10301, 10397, 11280, 11438, 11969, 12776, 12797, 12967, 13039, 13069, 13364, 13399, 13624, 13918, 14023]
CTGCT:[795, 964, 1773, 1860, 1971, 2199, 2763, 3438, 4501, 5688, 6360, 8705, 8978, 9182, 9966, 10951, 11836, 12445, 12508, 13285, 13329, 13332, 13785, 13849, 13882]
GCTGG:[797, 974, 1520, 1775, 2166, 3002, 3168, 3321, 3696, 4389, 4503, 5396, 5721, 6362, 7302, 8600, 9808, 10694, 10843, 11756, 12239, 13334]
GTGGG:[804, 1564, 3315, 7263, 9662, 9930, 10583, 10816, 11799]
ACCTC:[814, 2082, 2942, 4129, 8252, 9225]
CCTCG:[815, 1952, 2083, 2943, 4851, 5987, 6040, 10962, 12231, 13175]
CTCGA:[816, 1850, 2508, 3345, 4368]
CGAAT:[818, 1241, 1397, 2494, 4178, 4836, 8799, 9886, 10115, 10514, 12138]
AATCT:[820, 1266, 1649, 1884, 1932, 2196, 2496, 3745, 4689, 4966, 5020, 5185, 5246, 5620, 5729, 5895, 6248, 6321, 7949, 8860, 9298, 11865, 13516]
ATCTA:[821, 5021, 5247, 8861, 14145]
CTACC:[823, 1085, 1469, 2099, 3498, 3657, 7738, 8640, 8863, 9223, 12193, 13441]
ATTGC:[834, 855, 1623, 2610, 2889, 3395, 3400, 4093, 4540, 5150, 5718, 7381, 7972, 8561, 10000, 10048, 10118, 10808, 11685, 11933, 12279, 12441]
TGCTG:[836, 2756, 3167, 4388, 4542, 4983, 5720, 9807, 10810, 11935, 12443, 13220]
CTGAG:[838, 3455, 9066, 9750, 10648, 13222]
GAGTC:[840, 2791, 4641, 9068, 12060]
AGTCC:[841, 4219, 5316, 6463, 9069]
GTCCA:[842, 4220, 5507, 7694, 10389, 10966]
CACCC:[845, 1131, 3888, 4598, 6914, 6933, 9983, 10921, 13796]
ACCCG:[846, 1042, 1978, 2341, 3889, 6285, 6934, 6993, 9434, 9700, 11435, 12343, 13258, 13549, 13797]
CCGTA:[851, 1361, 3195, 3785, 4796, 7022, 8274, 8380, 8509, 8776, 8917, 9133, 9791, 10276, 10357, 11428, 12583, 12635, 12722, 13150, 13739, 13799]
TGCGG:[857, 4095, 5152, 10050, 11172]
GCGGC:[858, 1329, 2118, 2863, 2917, 3140, 4253, 10051, 11173, 11559, 13503]
CGGCA:[859, 1322, 2234, 2267, 2918, 3141, 3204, 3350, 3526, 3535, 4148, 4254, 4854, 5553, 5665, 5900, 6384, 6845, 6972, 7634, 7664, 8301, 8826, 8973, 9831, 9945, 10034, 10061, 10236, 10565, 10897, 11154, 11608, 11681, 12589, 12955, 13552, 13562]
GCAAG:[861, 2269, 3143, 4227, 6185, 9869, 10375]
CAAGC:[862, 1200, 1914, 3144, 3781, 4469, 6186, 6425, 8910, 13421]
ATTCC:[870, 2141, 3037, 3443, 7135, 8369, 10495]
TCCGG:[872, 3524, 8371, 8503, 10635]
CGGCT:[874, 1518, 2819, 3579, 3694, 3980, 4361, 5066, 5394, 5886, 5916, 7685, 10692, 11043, 11560, 12319, 13504, 13834]
GATCA:[879, 2019, 4819, 5488, 6354, 6596, 8581, 8626, 12869]
CACAT:[882, 4961, 5961, 6733, 7672, 12127]
ATGGT:[885, 1317, 1546, 2623, 2719, 2800, 2882, 5504, 6649, 10429, 10521, 11603, 11708, 12295, 13203, 13540, 13704]
GTGCT:[888, 936, 972, 1374, 2445, 2854, 3000, 3319, 4940, 5825, 5975, 6316, 8658, 8730, 9512, 12237, 12516, 13282, 13479, 13999]
GATGG:[893, 1316, 1545, 2622, 2881, 3120, 3177, 5371, 12219, 12294, 13955]
AGGTT:[899, 1065, 1726, 2045, 3675, 6173, 6980, 7729, 7781, 8069, 10417, 13807, 13939]
GGTTT:[900, 2046, 2846, 3299, 3676, 4171, 5047, 5779, 6174, 8070, 8845, 10631, 11504, 11669, 12023, 12734, 13940]
GTTTC:[901, 1293, 1411, 2047, 2290, 4574, 6175, 6338, 8846, 9329, 10232, 10632, 11626, 11650, 11670, 12100, 12417, 13617, 13941, 14200]
TTCAC:[903, 4959, 11628]
TCACC:[904, 1130, 5921, 9937, 9982, 10920, 11425]
ACCGC:[906, 3622, 4123, 4858, 5166, 5448, 5457, 5522, 5820, 7371, 7788, 8320, 9582, 10011, 10727, 10934, 11582, 12048, 12494, 12537, 12678, 13443, 13556]
GTAAT:[913, 2626, 5183, 6420, 6694, 7001, 7177, 7705, 9187, 11145, 11341, 11863, 14094]
AATGA:[915, 2628, 2730, 3130, 3154, 3732, 5096, 5213, 5529, 5802, 6499, 6505, 7257, 7768, 7777, 7935, 8305, 9169, 9496, 10516, 10615, 12073, 12527]
AAGGC:[922, 1486, 1854, 2073, 2281, 2538, 3191, 5646, 6080, 6744, 6877, 8682, 9372, 12253, 12478, 12709, 13665]
AGGCG:[923, 2299, 2915, 3530, 3539, 4301, 4316, 4613, 4833, 5340, 5647, 6330, 6663, 6820, 7499, 9456, 9681, 10677, 10713, 11240, 12254, 13820, 14196]
GCGAA:[925, 1575, 2493, 2535, 2656, 3898, 4507, 4835, 4870, 6536, 6775, 7519, 7866, 8411, 8564, 8928, 9036, 11279, 12796, 13068, 14112]
GTGGT:[933, 1371, 1536, 1659, 3106, 3245, 4189, 4593, 6400, 6403, 8843, 8897, 9764, 9842, 10432, 11502, 12021, 12748, 12751, 13183, 13297]
GCTTG:[938, 4844, 5888, 8732]
CTTGG:[939, 11901]
TGGAC:[941, 1011]
GGACG:[942, 1012, 2406, 4635, 8449, 13337]
CGGTT:[950, 2176, 2909, 3075, 3508, 4011, 4170, 8153, 8194, 8884, 10292, 10630, 12733]
TCCGA:[954, 1395]
CCGAC:[955, 2029, 3589, 3638, 6484, 8283, 8457, 12675, 12997, 13416]
CGACT:[956, 1430, 1823, 2030, 3639, 4607, 5809, 6485]
ACTAC:[958, 2098, 3656, 4406, 8871, 11302, 12192]
CTACT:[959, 1109, 4404, 4407]
ACTCT:[961, 3738, 7239, 8587, 12199, 12303, 12354]
GCTGC:[966, 978, 2447, 4543, 4984, 5299, 5977, 6083, 6254, 8660, 8949, 10811, 11905, 12444, 13284, 13331, 13481, 13787]
GCCTG:[981, 1174, 3097, 4294, 6181, 7413, 9592, 11718, 13144]
CCTGT:[982, 2442, 2875, 3098, 4295, 5230, 7414, 7993, 9079, 9238, 13145]
GTTTA:[985, 1928, 2459, 2809, 2992, 3915, 4172, 5699, 6620, 8014, 8217, 9272, 9285, 9359, 11464, 11704, 11831, 12024, 12156, 12735]
TTACG:[987, 6622, 9314, 11946, 12026]
TACGC:[988, 1382, 6623, 7287, 10986, 11677]
CGATT:[995, 4284, 4370, 4485, 4895, 4977, 5791, 5925, 10680, 11203, 11909, 12211, 12364]
ATTGT:[997, 1614, 1986, 4023, 6369, 6837, 8011, 10995, 11468]
TGCGA:[1002, 6774, 8563, 12362]
AGATT:[1006, 2608, 4053, 4397, 5142, 5950, 6835, 7316, 8367, 9998, 11851, 12502, 12545, 14178, 14189]
TTGGA:[1010]
ACGGA:[1014, 1512, 5444, 6057, 8240, 9291, 11775]
CGGAC:[1015, 2338, 2946, 5445, 8241, 9579, 13261]
GACGT:[1017, 2407, 2733, 4636, 7260, 7596, 8163, 9548, 12018, 13314, 13338]
CGTTG:[1019, 1760, 2054, 2159, 2701, 3633, 4910, 4988, 6278, 6771, 8165, 9474, 9760, 9823, 10409, 11217, 11665, 13178]
GGGTC:[1027, 4497, 10833, 12466, 13523]
GGTCT:[1028, 4498, 4519, 8480, 12645, 12699, 13677]
GTCTA:[1029, 6372, 9715, 10593]
CTATA:[1031, 2675, 11368, 12284, 14084]
ATACC:[1033, 1186, 1717, 2329, 4139, 4562, 6283, 6961, 7563, 8377, 8802, 10384, 11821, 12286, 12832]
GCGAC:[1039, 1677, 2301, 3411, 4546, 4615, 5571, 6570, 7357, 8952, 9563, 9957, 10857, 11636, 12457, 13777, 13822]
CCGCG:[1044, 1598, 2343, 2524, 2600, 3464, 4124, 4660, 4859, 5461, 5821, 6342, 7115, 7205, 7372, 7552, 9583, 10773, 10778, 10935, 11105, 13242, 13557, 13621]
CGTCA:[1047, 1791, 2969, 3448, 5321, 6333, 7598, 8261, 8556, 9656, 10260, 10702, 12327, 12612]
GTCAG:[1048, 1792, 2970, 3449, 3769, 4298, 4589, 4643, 5322, 5767, 5785, 6334, 7306, 8107, 8262, 9657, 9705, 10099, 10222, 10261, 10835, 11498, 12313, 12328, 12613, 13186, 13525]
CCCGA:[1056, 3588, 7275, 9446, 9557, 9902, 11085, 11436, 13415]
GGTTG:[1066, 2910, 3644, 3797, 4012, 4455, 6812, 6981, 7730, 8154, 9844, 12881, 13085, 13808]
GTTGT:[1067, 2055, 4013, 4456, 4674, 6521, 6813, 6982, 7616, 9475, 9761, 10410, 11617, 14037]
AAGTC:[1074, 3341, 4510, 9211, 9713, 14059]
AGTCG:[1075, 9212, 11383]
CCTAC:[1084, 1108, 3497, 5439, 5595, 10754]
ACCAG:[1087, 1205, 4448, 5707, 5763, 6797, 7033, 7297, 7420, 8865, 9093, 9150, 10255, 10332, 12093, 13456, 13771]
GAAGC:[1092, 1787, 3873, 4311, 4414, 4891, 8308, 8741, 9234, 12570]
ATGGA:[1098, 2091, 2364, 2780, 4633, 5087, 5372, 6351, 6593, 6868, 12216, 13956]
GGAGC:[1100, 1496, 1778, 2417, 3006, 6870]
GAGCT:[1101, 2418, 3457, 6871, 9482]
TTCCT:[1106, 4576, 7991, 8539, 14124]
TCCTA:[1107, 8540]
ACTTC:[1111, 1998, 2032, 4478, 4777, 8049, 9979, 12853]
CTTCG:[1112, 2264, 4479, 4778, 5750, 5913, 6164, 8258, 8716, 9253, 12806, 12854, 13586]
CGCTA:[1118, 2565, 4346, 5524, 5753, 7736, 8030, 9221, 9408, 10656, 11551, 13907]
AAAGT:[1122, 2556, 2643, 2806, 3340, 4186, 4339, 7613, 7870, 10038, 10303, 13056, 13122, 13215]
GTTCT:[1125, 1466, 2228, 4239, 5172, 5272, 5865, 7604, 8710, 12813, 13226, 13302, 13436]
TCTTC:[1127, 5867, 5912, 10974, 13671]
CTTCA:[1128, 3426, 5732, 5919, 9980, 11053]
ACCCC:[1132, 1146, 6915, 10736, 12031, 13344]
CCCCA:[1148, 6016, 6063, 7545, 7918, 10174]
CCCAT:[1149, 5284, 6064, 7531, 7590, 10369, 10447, 10489, 10738, 12033]
CCATC:[1150, 4274, 7325, 7532, 9333, 9505, 9986, 10448, 11199, 12421]
CATCG:[1151, 4275, 5177, 5873, 6939, 8965, 9463, 9987, 10217, 10511, 10929, 11200]
CCAGT:[1157, 2825, 3040, 3092, 4108, 6258, 6290, 6461, 6725, 6998, 10229, 10580, 11001, 11167, 11495]
CAGTT:[1158, 1409, 2106, 3253, 4822, 5709, 5769, 6291, 6336, 6726, 9803, 10230, 10837, 11110, 11168, 12085, 13527]
TCCAG:[1162, 2001, 2824, 3039, 6070, 6967, 10910, 10977, 11000, 12391]
CCAGA:[1163, 5948, 6018, 6071, 6215, 7314, 7622, 9616, 9992, 10266, 10391, 11322, 11659, 12482, 13697, 13946]
CAGAT:[1164, 1704, 4396, 5949, 6784, 6799, 7315, 8366, 8441, 9617, 9993, 10015, 11323, 11660, 12501, 13572]
AGATC:[1165, 3753, 3902, 6031, 6785, 6800, 8442, 8833, 9618, 10016, 11324, 11661, 12899, 13091, 13573, 13654]
ATCCC:[1167, 3931, 6061, 6546, 7069, 7199, 7543, 7916, 7963, 8201, 9377, 9443, 9897, 13413]
CCCTT:[1169, 4951, 7071, 8256, 8341, 9251, 11194, 11510, 12010]
CCTTG:[1170, 1558, 3593, 4952, 5971, 6466, 7072, 11900, 12011]
CTTGC:[1171, 1559, 3460, 4953, 6467, 7018, 7073]
TGCCT:[1173, 3972, 10310, 11250, 11717, 12281]
ACCGG:[1188, 1247, 2174, 2336, 3372, 4141, 5884, 6604, 7698, 8192, 8971, 9032, 9205, 9835, 10059, 12560, 12587, 13032]
CGGAA:[1190, 1513, 2122, 3548, 3617, 3839, 4473, 5303, 6122, 6741, 8373, 8739, 9123, 9292, 9526, 9837, 11761, 14213]
GAAAT:[1192, 2319, 2433, 3550, 3856, 3928, 3940, 5305, 6246, 6442, 6474, 7775, 8486, 8858, 9494, 10526, 11567, 11763, 12076, 13692, 13959]
AATCC:[1194, 3930, 3942, 4828, 5549, 7068, 7858, 8113, 8488, 9442, 9896, 10026, 11319, 13694]
ATCCT:[1195, 3904, 3943, 4195, 8489, 9647, 9689, 13173, 13608]
CCTCA:[1197, 5482, 6347, 7142, 10498, 11298]
CTCAA:[1198, 1646, 2202, 2935, 5034, 5120, 6051, 7242, 8515, 9917, 10499, 11014]
GTACG:[1210, 6107, 8818, 10689, 10800, 11229, 13707]
CGCTC:[1213, 1644, 2393, 3600, 5280, 8719, 8821, 10803, 12986]
CTCAT:[1215, 1699, 2777, 4157, 5175, 5483, 5812, 5871, 5937, 6348, 7143, 8348, 10805, 10915]
CATTG:[1217, 1622, 1985, 2888, 3399, 5668, 5717, 7145, 7592, 10807, 11684, 12278, 12908, 13109]
ATTGG:[1218, 1746, 3919, 4248, 6690, 7146, 8477, 9320, 12079, 12174, 12378]
TGGTG:[1220, 3921, 6002, 9601, 13181]
GTGAT:[1231, 1543, 1743, 2212, 2473, 2545, 3923, 4100, 4136, 4817, 5348, 6004, 6524, 7378, 8174, 9668, 11445, 12412, 12829, 13380]
GATGA:[1233, 1307, 2214, 2222, 2547, 2583, 3258, 3304, 3474, 3862, 3925, 4324, 4327, 4726, 4729, 5001, 5004, 5847, 6006, 7802, 8393, 9304, 9491, 10044, 11816, 11892, 12015, 12132, 13382]
GAAGA:[1236, 1461, 1808, 1902, 2586, 2606, 3949, 4330, 4669, 5078, 7367, 9389, 11313, 11803, 12530, 12543, 12849, 12885, 13089, 13449, 13749, 13812, 13896, 14055, 14215]
AAGAC:[1237, 6054, 7368, 7396, 7513, 7681, 7755, 7818, 9871, 12625, 12850, 13249, 13321, 13450, 13897, 14065]
AGACG:[1238, 2276, 4439, 6055, 6073, 7514, 7682, 9726, 9872, 11455, 12096, 12152, 12626, 13025, 13250, 13322]
ACGAA:[1240, 2278, 7581, 10114, 12339, 12397, 12670, 12784, 13264, 13684]
TACCG:[1246, 2173, 3371, 4175, 7911, 10058, 10070, 11097]
GTCAA:[1251, 6406, 6685, 8557, 11939, 12044, 14061]
CAAGG:[1253, 6753, 10196, 13664]
AAGGG:[1254, 1312, 6897, 9003, 9813, 14115]
AGGGC:[1255, 3361, 7450, 8185, 9814, 10084, 10559, 10759, 12904, 13774]
CATTT:[1259, 4046, 6066, 9629, 10208, 10740, 10969, 11353, 12035]
ATTTC:[1260, 1365, 4055, 4286, 5909, 6067, 10532, 11018, 11520, 11779, 11973, 12504, 12765, 14122]
TTCCA:[1262, 2049, 6069, 9331, 12419, 14202]
TCCAA:[1263, 14203]
CAATC:[1265, 1386, 1648, 5036, 5245, 5427, 7055, 9941, 10025, 11056, 11157, 11272, 13276]
ATCTG:[1267, 1885, 1969, 2197, 2497, 2761, 3416, 3746, 4690, 4916, 4967, 5621, 5940, 6249, 6322, 6720, 7060, 7950, 8854, 9180, 9507, 11326, 12877, 13093, 13154, 13783]
GAATA:[1271, 6959, 8375, 9307, 10540, 11530, 11819, 11926]
ATAAC:[1273, 1666, 5160, 5204, 6585, 6889, 8046, 8137, 10401, 10542, 12451, 13510]
ATGTT:[1284, 2476, 2569, 3482, 3995, 10066, 10957, 11179, 11487, 12415, 14035]
GTTCA:[1286, 1712, 2639, 3682, 5651, 5991, 6816, 9972, 11423, 12431, 13206, 13290, 13529]
TCAGC:[1288, 3845, 5559, 5993, 10139, 11049, 11401, 11653]
AGCGT:[1290, 1789, 2839, 3008, 4885, 5696, 5835, 6313, 6388, 6427, 8554, 9199, 9785, 10141, 10162, 10258, 11403, 11461, 12409, 12610, 14219]
GGTCC:[1299, 5506, 7573, 7693, 13035]
GTCCG:[1300, 6555, 7574, 9051, 9070, 11103, 13036, 13148]
GGGAT:[1305, 1566, 3334, 5369, 9912, 9932, 11814]
GGATG:[1306, 1315, 2366, 2621, 4725, 5370, 7801, 9490, 10043, 11189, 11815, 12218]
AGGGA:[1313, 1630, 5102]
GTCGG:[1320, 1752, 2842, 4009, 8148, 9213, 11041, 11606]
GGCGG:[1328, 1764, 2015, 2423, 2862, 4252, 6101, 6227, 6681, 7835, 8086, 8992, 9121, 9524, 11558, 11759, 13374]
GCGCG:[1332, 1691, 2039, 2313, 2373, 2711, 3532, 3557, 3960, 5385, 5580, 7453, 8531, 9056, 9539, 10346, 10562]
CGTCT:[1337, 2594, 5583, 6161, 8142, 8534, 8957, 11949, 12864]
GTCTT:[1338, 2751, 5584, 6162, 8143, 8535, 9025, 10882, 11950, 12980]
CTTTG:[1340, 1583, 2519, 2753, 2952, 3173, 3774, 4410, 6415, 9598, 11037, 11062, 11563, 13229]
TTGCA:[1342, 10684, 12000]
TGCAG:[1343, 6469, 9847, 10120, 10685]
GCAGC:[1344, 3206, 4717, 5060, 5290, 6386, 9085, 9848, 10899, 11729, 12938]
CACGC:[1354, 2060, 2306, 3433, 4737, 4789, 5654, 6550, 6612, 7743, 9219, 9415, 10705, 12266]
CCCGT:[1360, 2542, 3446, 5319, 13798, 14134]
TTCCG:[1367, 3824, 6340, 10634, 13619]
TCCGT:[1368, 8916]
ATCAT:[1388, 1966, 3277, 5009, 5489, 6543, 7057, 7906, 8179, 8234, 9190, 9264, 9461, 10506, 10509, 11332, 12276, 12423, 12663]
CATCT:[1390, 1968, 5939, 7059, 9334, 9506, 12003, 13782, 14144]
ATCTT:[1391, 1634, 2262, 2353, 5730, 5851, 6033, 9299, 10600, 11866]
CTTCC:[1393, 1999, 2033, 2822, 3522, 3975, 6965, 7220, 8914, 10908, 10975, 11196, 12389, 12982]
ATACA:[1400, 6027, 6114, 8062, 11089, 13013]
ACAGC:[1402, 2739, 6377, 7399, 8416, 8668, 10091, 10160, 11734, 12407, 12859, 13426, 13636, 13792, 14209]
GCGTT:[1417, 1759, 2111, 3913, 3967, 4318, 4987, 5649, 6277, 7465, 9357, 10054, 11378, 11624, 14198]
CGTTC:[1418, 5171, 5650, 5864, 5990, 7466, 7603, 9971, 12430, 13104]
TCCAC:[1421, 2050, 4028]
CCACA:[1422, 3934, 6732, 7671, 8331, 10176]
ACAAA:[1424, 2068, 4077, 5533, 6904, 7336, 7855, 8244, 8460, 8793, 8874, 11639, 11989, 12706, 13513, 13825, 13843, 13900, 14068]
CGAGC:[1440, 3183, 3566, 3762, 5981, 6095, 6271, 9466, 9904, 11073]
AGCTG:[1442, 1800, 2419, 2741, 2963, 3185, 3470, 3875, 4416, 4427, 4451, 4706, 4928, 5843, 6565, 6872, 6955, 8213, 8310, 8670, 8988, 9483, 11162, 12572, 12683, 13268, 13733, 13753]
GAACG:[1446, 1515, 1641, 3505, 4557, 13491, 13682]
TCTAC:[1468, 4166, 8639]
GGAAC:[1475, 8938]
ACTGA:[1478, 1784, 3853, 4335, 4698, 7772, 8519, 9065, 12567, 13952, 14102]
AAGAA:[1483, 1809, 1903, 1960, 3061, 3266, 3652, 4229, 4331, 4763, 5079, 5473, 5740, 6447, 6829, 7439, 8018, 8679, 8810, 9390, 10108, 10150, 10271, 10377, 11314, 12400, 12531, 12886, 12894, 12949, 13212, 13813, 14056]
AGGCT:[1487, 1855, 3087, 3423, 3519, 5297, 6081, 6745, 7300, 8724, 8947, 10102, 11538, 11742, 11754, 13666]
GCTTA:[1489, 3083, 6747, 7188, 9324, 10953, 12693]
CTTAC:[1490, 1826, 9027, 9697, 12694]
GAGCC:[1497, 4783, 7350, 13113]
AGTGA:[1508, 2645, 4110, 7377, 7872, 9040, 12053, 12057, 12335, 13058]
GTGAC:[1509, 2869, 3608, 4111, 9202, 9546, 12336, 13059, 13312]
ACGGC:[1517, 3349, 3703, 4280, 4492, 5393, 5495, 7462, 7516, 7684, 9830, 10691, 12454, 12793]
GCCAT:[1524, 4273, 6709, 7494, 9504, 9817, 11409, 11960, 13010]
TATCT:[1529, 5031]
ATCTC:[1530, 1569, 1650, 1933, 2515, 3199, 3574, 5032, 5186, 5896, 6012, 8513, 8759, 9335, 9915, 11033, 12004, 13517]
CTCGG:[1532, 1571, 1935, 2857, 2893, 2944, 3241, 3909, 4359, 4461, 4516, 4852, 4900, 5898, 6041, 11185]
GGTAG:[1538, 3561, 10187, 11808]
GTAGG:[1539, 5635, 6978, 11809]
GGTGA:[1542, 2211, 2472, 2868, 3922, 4099, 4135, 4308, 4527, 4903, 6003, 6439, 9602, 10284, 10523, 11266, 11444, 12297, 12555, 12828, 12846, 13311, 13488, 13893]
GGTAT:[1548, 2361, 3247, 3571, 6651, 7194, 8603, 8651, 9128, 9773, 10638, 10981, 12177, 13359, 13542, 13605]
GTATG:[1549, 2362, 3248, 6652, 11430, 11620, 13195]
ACCTT:[1557, 3592, 5748, 6204, 6963, 10864, 12804, 13584]
TGCGT:[1561, 2110, 4991, 8168]
GGATC:[1567, 1632, 4914, 6353, 6595, 9913]
GATCT:[1568, 1633, 2352, 2760, 4915, 5850, 8758, 9914]
AATTC:[1579, 1946, 2140, 3036, 3842, 5116, 5603, 8932, 10494, 11147, 12889]
TCTTT:[1582, 2240, 7606, 11514, 11872, 11917, 13228]
GCCGC:[1587, 2481, 2523, 2599, 3463, 4431, 4659, 6759, 7108, 7114, 7216, 7734, 10353, 10720, 10748, 13568]
CACTG:[1591, 1682, 4223, 5380, 6641, 8976, 9064, 12713, 13019, 13129, 13873]
GGCCC:[1595, 9533, 11083]
CAACA:[1610, 2078, 2937, 4741, 7879, 13974]
ACATT:[1612, 2926, 4246, 5409, 5962, 7629, 11348]
TGTCG:[1616, 6296, 8147, 11040, 11470, 14039]
GTCGC:[1617, 3109, 3544, 3988, 4064, 5278, 6297, 7645, 7979, 8402, 11387, 12382]
TGCTC:[1625, 2891, 5773, 11012, 11183]
GCTCA:[1626, 1862, 2201, 4156, 9514, 11013, 12606]
CTCAG:[1627, 4610, 6909, 7447, 8721, 12607, 12988]
CTGTC:[1654, 2499, 4296, 7415, 8400, 9023, 9239, 9243, 11937, 12978, 13146, 13350]
GTCGT:[1656, 8171, 9543, 11384, 11471, 11711]
ACGAT:[1669, 2512, 4559, 6075, 6865, 8427, 8595, 8613, 10597, 12601, 12922, 14032]
GGCGT:[1686, 1749, 1758, 2592, 3324, 6629, 7123, 8747, 8840, 9665, 11377]
CGTGC:[1688, 3957, 4566, 4807, 4939, 5824, 6315, 8657, 8729, 10129, 10143, 10938, 11726, 12236, 13065, 13500, 14136]
TACTC:[1697, 6529]
ACTCA:[1698, 4609, 5811, 5936, 6908, 7446, 12118]
AGATG:[1705, 2348, 2588, 2898, 3480, 3866, 5240, 7028, 9588, 9609, 12160, 13538, 13688, 14027, 14165]
GCTGT:[1709, 3312, 3816, 6140, 7796, 8399, 8707, 9184, 11142, 11936, 13287]
TCAAT:[1714, 5797, 5906, 11055]
ACCGA:[1719, 2331, 4176, 5923, 6573, 7912, 8456, 8549, 8804, 9859, 10071, 10299, 11574, 12136, 12674, 12996]
CGAAG:[1733, 1852, 2042, 2279, 2536, 2615, 3264, 3467, 3899, 4508, 6776, 7892, 8551, 9001, 9037, 9711, 9861, 10148, 10442, 12251, 12398, 12470, 12785, 12809, 13265, 13577, 13685, 13730, 13913, 14113]
AAGTG:[1735, 2617, 2644, 3290, 4187, 4340, 7871, 9039, 9840, 10039, 10304, 12514, 13057]
TTGTG:[1741, 11359]
TGTGA:[1742, 6523]
TGGCG:[1748, 1763, 7122, 10212, 11118]
GCGTC:[1750, 2593, 6332, 7124, 8169]
GAGCA:[1779, 7506, 9452, 11269]
CAACT:[1782, 1847, 4696, 6357, 8517, 8689, 9639, 10476, 11290, 12197, 12872]
CAGCA:[1794, 3207, 3286, 5291, 6453, 6911, 7008, 7386, 8438, 9086, 9849, 10080, 10242, 10326, 10334, 10783, 10891, 10900, 11730, 12990, 13968, 13971, 13983, 13986]
AAGCT:[1799, 2962, 3469, 3874, 4415, 5477, 5842, 6564, 6954, 8212, 8309, 8911, 12571, 13267, 13720, 13732]
AGAAT:[1810, 1961, 3062, 5157, 6020, 6217, 6448, 6503, 6886, 7405, 9391, 10246, 10378, 10426, 12887]
ACATA:[1817, 4962, 7154, 10154]
TACGT:[1828, 5310, 9315, 11947]
ACGTG:[1829, 2408, 3224, 4553, 4637, 4938, 7261, 12019, 13499]
GGTGT:[1839, 2748, 6192, 7038, 9737, 13299, 13377, 13433]
TGCCA:[1844, 3016, 4272, 6730, 7383, 7826, 9503, 9781, 10870, 11287]
GCCAA:[1845, 2076, 2830, 4035, 4467, 4920, 7053, 7827, 10871, 11288, 13199]
CCAAC:[1846, 2077, 4036, 4625, 10475, 11289]
AACTC:[1848, 2506, 3737, 4357, 4366, 6907, 7445, 7476, 8586, 10946, 12198, 12302]
GCTCT:[1857, 5774, 11540, 13884]
CTCAC:[1863, 9515, 11299, 12119]
ATGTA:[1870, 2900, 6853, 6976, 7840]
GGCCT:[1878, 2669, 10761, 13143]
GCCTT:[1879, 2670, 3973, 10311, 11251, 11899]
CCTTA:[1880, 9691]
CTTAA:[1881, 1943, 3151, 5681, 5853, 7189, 8354, 9439, 9692, 11586]
TAATC:[1883, 1931, 5954, 9441]
AGCCA:[1916, 2004, 2679, 3283, 3357, 4106, 6699, 7229, 7710, 10264, 10473, 10578, 13428]
AGAGC:[1922, 3951, 4704, 4883, 4926, 6668, 7895, 8421, 8878, 8986, 8997, 10393, 13238, 13646, 13751, 14217]
CCGTT:[1926, 2700, 4383, 5170, 5863, 6770, 6988, 7171, 8765, 9419, 12429, 13103]
TTAAT:[1930]
CGCTT:[1941, 2251, 2483, 2950, 3149, 4066, 6804, 7016, 7218, 7470, 9437, 10729, 11060, 11584, 12387]
TAATT:[1945, 5602]
ATTCG:[1947, 6130, 6234, 7631, 9671]
TCGCC:[1949, 5713, 6236, 12103]
CGCCT:[1950, 3435, 5563, 5969, 5985, 6222, 6345, 6942, 7140, 7182, 7211, 7790, 8128, 8404, 8576, 10133, 12268, 12372, 12942]
CTCGT:[1953, 2084, 2395, 3161, 5691, 5988, 8727, 9969, 10963, 13063, 13176, 13192]
GTGAA:[1956, 2398, 2410, 2604, 2646, 3503, 4183, 4309, 4528, 4555, 4904, 5233, 6244, 6440, 7873, 9041, 9603, 9740, 10285, 10524, 12298, 12556, 12847, 13489, 13894]
GAACC:[1976, 2439, 3493, 6656, 6922, 7875, 12558]
AACCC:[1977, 3494, 3789, 6923, 7130, 7668, 8339, 9433, 10403, 10735, 12342, 13257, 13548]
GTCAT:[1983, 5501, 6261, 10435]
GCACT:[1996, 8975, 12712, 13128, 13872]
CACTT:[1997, 5261]
GCGGA:[2016, 2121, 2424, 5153, 5302, 6102, 6326, 7088, 7836, 8738, 8993, 9122, 9525, 11760]
TCCTG:[2035, 4577, 7222, 7992, 8754, 9078]
CGCGA:[2040, 2344, 3465, 4125, 4629, 5386, 7373, 7981, 8452, 9584, 9875, 10347, 10707, 11967, 13028, 13397, 13622, 13710, 14021]
CCACG:[2051, 4029, 4204, 4570, 6549, 7579, 7742, 10406]
CACGT:[2052, 4571, 7601, 10407, 11860, 13614]
TGTCA:[2057, 3885]
ACGCC:[2061, 2464, 2662, 3434, 5655, 5945, 6109, 6212, 6613, 7100, 7360, 7528, 7720, 8575, 9416, 9554, 10171, 12247, 12267, 12371, 13726]
AGGCC:[2074, 2539, 3192, 5041, 5592, 6707, 7092, 10453, 12479, 12632]
ACACC:[2080, 2152, 2872, 5705, 5882, 6602, 6795, 8268, 8547, 9030, 10192, 10862, 13405]
TACTA:[2097]
AGTTG:[2107, 3254, 4673, 4823, 5770, 6509, 6520, 6727, 6857, 7270, 7615, 8385, 8524, 9500, 9804, 10838, 11169, 11616, 12086, 12308, 12788, 13124, 13217]
TATGC:[2115, 2812, 4714, 5057, 6480, 7491]
AATCG:[2128, 3552, 5353, 5428, 6092, 6152, 6158, 6219, 7179, 9942, 10248, 10699, 11057, 11273, 11596, 11747, 11765, 12779, 12971, 13277, 13961, 14077]
CGTAA:[2136, 2376, 3786, 4993, 6823, 8381, 8918, 9017, 9134, 9550, 10164, 10277, 10823, 11768, 11862, 13245, 13316, 13494, 13740, 13800]
TCCTC:[2143, 4850, 10497, 10961, 11297, 14125]
CTCTA:[2145, 3739, 4198, 8588, 12304, 13439]
CTATG:[2147, 2567, 8542]
ATGAC:[2149, 2731, 3049, 3155, 5097, 5530, 6766, 7030, 7258, 7769, 7985, 8237, 8544, 11432, 12016, 12133, 12739, 13383, 14029]
GACAC:[2151, 2871, 3157, 8546, 14105]
GGGCT:[2164, 3814, 4770, 9006]
TGAGA:[2183, 11453]
GAGAA:[2184, 5090, 5112, 5156, 6502, 6560, 7942, 12243]
AACCT:[2187, 2440, 2941, 5228, 5747, 7883, 8696, 12803, 13005, 13533]
TGATG:[2221, 2582, 2850, 2880, 3176, 3257, 3303, 3861, 4323, 5000, 8392, 8527, 9303, 11891, 12014]
TCTCC:[2230, 2293, 8712, 11150]
CTCCG:[2231, 2294, 3201, 3576, 3582, 3983, 4131, 5188, 6381, 7478, 8823, 11151, 14129]
TCGCT:[2250, 3599, 5752, 6166, 7469, 8718]
TTCTT:[2255, 5830, 5911, 10973, 11871]
TCTTA:[2256, 5831, 8353, 9195]
CTTAT:[2257, 4802, 5586, 7969, 10954]
TATAT:[2259, 11921]
CAAGT:[2270, 3289, 10797]
AGTTA:[2272, 2785, 4757, 12473, 13580]
GTTAG:[2273, 2786, 5313, 7173, 9881, 11380]
TAGAC:[2275]
ATGAG:[2286, 2836, 3305, 3863, 6500, 6506, 7348, 7504, 7778, 8066, 9450, 9497, 11419]
GAGTT:[2288, 4756, 6508, 9499, 11421, 11702, 13224]
TTCTC:[2292, 3239]
CCGAG:[2296, 2467, 6616, 9072, 9903, 11697]
AATGG:[2321, 2652, 5417, 6592, 6648, 6678, 8083, 9103, 9393, 10428, 10520, 11080, 11690, 12488, 13202, 13703]
ATGGG:[2322, 3178, 8903, 11263, 12162, 12464, 13371]
TATAC:[2328, 14099]
AACCG:[2335, 3621, 5165, 7169, 7787, 8139, 8319, 8893, 10274, 10298, 11573, 12047, 12536, 12559, 12673, 12720, 13101]
GACCC:[2340, 3051, 4086, 8701, 11434]
GATGT:[2367, 2475, 2851, 7839, 12414]
ATGTG:[2368, 2852, 4181, 13477]
AACTA:[2380, 3655, 3727, 12873]
ACTAT:[2381, 2683, 8231, 11125, 12726, 12874, 13410]
CTATT:[2382, 2684, 3365, 3441, 5023, 5361, 5755, 7810, 9144, 9717, 12109, 12769]
TGATT:[2386, 8388]
GATTC:[2387, 9670, 9934, 11789]
TCTCG:[2390, 3240, 4899]
GATAT:[2427, 2716, 5193, 6009, 6717, 8176, 13158]
TGAAC:[2438, 7474, 9424]
CGCAG:[2453, 3377, 3892, 4394, 4424, 4433, 6435, 8101, 8322, 8359, 8364, 8436, 9256, 10013, 10670, 10781, 10988, 11108, 11458, 12050, 12499, 12629, 12680, 13570, 13715]
CAGAG:[2455, 2921, 7389, 7623, 8420, 10392, 11611]
TAACG:[2462, 5683, 8356, 9275, 12599]
AGGGT:[2470, 3297, 4350, 6810, 6898, 7036, 8649, 9753, 13294, 13486]
GGGTG:[2471, 3317, 4098, 7037, 10818, 11265, 12554, 12746, 12845, 13295, 13487]
TTATG:[2488, 2811, 4070, 5056, 5074, 6479, 11706, 12737]
CGACG:[2510, 3347, 4278, 4584, 4616, 5572, 7358, 9564, 9877, 12458, 12782, 12998, 13163, 13166, 13387, 13712, 14042]
CTCTT:[2517, 7967, 9227, 10906, 11035, 11793, 12200]
GAAGG:[2550, 3190, 3673, 6171, 6743, 6876, 7938, 9125, 9734, 9742, 9812, 11526]
AAGGA:[2551, 5109, 5221, 7923, 7939, 9743, 10197, 11527, 11786]
TTGCG:[2562, 3776, 10344, 12361]
TGCGC:[2563, 3402, 3777, 4422, 7075, 8157, 10002, 10345, 11220]
TGGCA:[2573, 6860]
AAGAT:[2587, 2607, 3479, 3752, 3901, 4052, 5239, 8832, 11850, 12544, 12898, 13090, 13627, 13653, 13687, 14026, 14164, 14177]
GATCC:[2631, 6060, 9098, 9688, 11492]
TCAAA:[2641, 11021, 12433]
CCCTG:[2665, 3053, 5267, 7342, 8703, 9379, 10536, 10923]
CCTTC:[2671, 3974, 5749, 6944, 6964, 8257, 8342, 8715, 9252, 11195, 11511, 12270, 12805, 13585]
TCTAT:[2674, 11367, 12273, 12768]
CCACT:[2681, 4222, 11825]
TATCA:[2688, 2995, 5588, 9362, 12578]
TGGTA:[2704, 6418, 6692, 12176, 13232]
GTACT:[2706, 3718, 5254, 8039, 8869, 9793, 9977, 10320, 12190, 12724, 12754, 13326]
TTGCT:[2755, 3166, 4387, 4401, 4982, 5050, 9141]
GCTAC:[2765, 4403, 4772]
CTACG:[2766, 4167, 5596, 8032, 10595, 11553]
GTACC:[2770, 7310, 9635, 9788, 12585]
ACCCT:[2772, 3052, 3495, 4950, 8340, 8702, 10922]
CCCTC:[2773, 6039, 7965]
GGAAG:[2782, 3189, 3948, 4668, 4890, 7267, 9209, 9388, 9733, 9811, 11802, 12650]
TAGGA:[2788, 5146]
AGGAG:[2789, 4436, 5110, 5222, 7940, 11700]
AGTCT:[2792, 2932, 3342, 8123, 9714, 12061, 13459, 13858]
GACAT:[2797, 8294, 9400]
GTTAA:[2803, 4353, 4758, 5600, 7783, 7932, 10294, 10419, 11483, 12474, 13002, 13254]
TAAAG:[2805, 3339, 4050, 4878, 8220, 9721, 12476]
GCTTC:[2821, 3425, 3521, 5918, 8636, 11364, 13668, 14007]
GAGCG:[2838, 3007, 4145]
CGGGT:[2844, 4097, 4496, 5045, 5541, 10832, 14091]
TTGAT:[2849, 3175, 3302, 4322, 11890]
GCTCG:[2856, 2892, 5690, 8726, 9968, 11184]
GGGCG:[2861, 3180, 4251, 8409, 8905, 9664, 13373]
GTGCA:[2885, 6781, 9867, 10205, 10413, 10939, 11727, 14137]
CGGAG:[2895, 4143, 4781, 5154, 6103, 6327, 6558, 7089, 8994]
GAGAT:[2897, 3865]
GTAGT:[2902, 6855, 8276, 10548, 12041]
AGTCA:[2904, 4511, 4642, 5766, 6260, 11497, 12043, 14060]
CACGG:[2907, 2978, 3406, 4030, 5392, 5494, 8882, 9520, 10095]
TGAGG:[2913, 10606]
GAGGC:[2914, 6329, 7091]
AGAGA:[2922, 4881, 5140, 6833, 7624, 8223, 9724, 11612, 11846]
ATTCA:[2928, 3211, 3430, 3843, 5025, 5557, 5904, 7281, 9800, 9853, 9935, 10918, 11335, 11350, 11534, 11853, 11911, 12890, 14141]
TCAGT:[2930, 9802, 9974]
CAGTC:[2931, 4218, 5765, 6259, 6462, 11496, 13458]
ATAAG:[2960, 4103, 5471, 5644, 6078, 6445, 6952, 8808, 11784]
ATCGT:[2989, 4805, 5251, 5345, 5354, 6159, 8444, 8616, 10700, 11663, 11766]
TTATC:[2994, 9361]
CTGGG:[3003, 3025, 4708, 4768, 5367, 6363, 8289, 8407, 12186, 12552, 12744, 12840, 13356, 13521]
GGGAG:[3005]
GGGTA:[3027, 3648, 5542, 6899, 8650, 9754, 12164, 12188, 13358, 14092]
GTAAG:[3029, 3650, 8382, 9135, 10278, 13741, 13801]
ATCGG:[3073, 3553, 8924, 9173, 9403, 9943, 10218, 11274, 13278]
TCGGG:[3079]
TAGGC:[3086, 14195]
GCTCC:[3089, 3581, 3982, 7687]
CTCCA:[3090, 7688, 10323]
TCGGT:[3103]
GAATG:[3129, 5416, 7805, 10287, 10519, 11895]
GAACA:[3133, 5880, 9605, 13049]
ACACT:[3135, 3158, 4775, 8286, 12352]
TAATG:[3153, 7934, 11485]
GTATC:[3197, 3327, 3381, 3572, 8314, 8511, 8652, 8852, 9060, 9129, 9262, 10639, 12178, 12637, 12661, 13152, 13360, 13543, 13606]
TACGA:[3217, 12027, 14185]
ACGAC:[3218, 3272, 3830, 4583, 5808, 12028, 13165, 13386, 13840]
CGACA:[3219, 3273, 3412, 8284, 8458, 10858, 11637, 12857, 13823, 13841]
GGCAC:[3228, 4074, 5435, 10008, 12222, 12491, 13934]
GCACC:[3229, 4856, 5436, 9833, 10009, 11580, 12223, 12492, 13554]
GATCG:[3261, 6513, 9172, 9341, 13394]
GAGTG:[3307, 10650, 12056]
GGCTA:[3363, 4771, 5359, 9007, 14169]
GCTAT:[3364, 3440, 5360, 7809, 9008, 9143, 13851]
TTTAC:[3369, 11945]
CAGTA:[3379, 5014, 5324, 6672, 6999, 7308, 8264, 8469, 8867, 9108, 9573, 9975, 10687, 11002, 11227]
AGTAT:[3380, 8022]
TGCAT:[3397, 12001]
TCACG:[3432, 5653]
AGCCT:[3452, 3847, 9236, 9623, 13080]
CCCTA:[3496, 8205, 12107, 14082]
GTAGC:[3562, 4798, 5694, 7842, 8057, 9575, 12207, 13272]
CTTGT:[3594, 4845, 5972, 5997, 8145, 8733, 11952, 12202]
TGTTC:[3596, 3681, 4025, 4676, 4847, 6815, 10997]
GACAA:[3610, 5532, 7065, 7335, 8243, 12705]
ACAAG:[3611, 6116, 6895, 8210]
TGGGT:[3647]
TTTGT:[3679, 3883, 5632, 8073, 9632, 10317, 11358]
TCATA:[3684, 11782]
CATAT:[3685, 4090, 6456, 7560, 7960, 11411, 11962]
GGATA:[3699, 6950]
GATAC:[3700, 4138, 6026, 6282, 12831]
ATACG:[3701, 8027, 9820, 10169]
CACGA:[3713, 3829, 4205, 4582, 7580]
CTACA:[3741, 4773, 5440, 8590, 8872, 10755, 11303]
ACAAT:[3743, 4747, 5547, 7066, 7766, 9923, 11091, 11305, 11631, 11882]
TGGGC:[3800, 4250, 6145, 12081]
TTTCC:[3823, 10624]
TCCGC:[3825, 4679, 6341, 12984, 13620]
TTGTC:[3884, 6295, 10880, 11039]
CCCAC:[3933, 6548, 10175]
TGTCT:[4015, 4458, 6371, 10881]
GGAAT:[4020, 6366, 10697, 14119]
ATTTA:[4047, 4875, 4946, 5927, 6477, 10741, 11094, 11205, 12036, 14156]
TTAAA:[4049, 4877, 5701, 5929, 6208, 8219, 9287, 11207, 14158]
TTCGG:[4057, 6177, 6843, 10234]
GCACA:[4075, 7853, 13790, 13935]
CCATA:[4089, 5202, 6112, 7495, 7559, 9818, 10490, 11410, 11961, 13011]
GATAA:[4102, 5216, 5350, 5643, 5892, 6584, 6951, 8045, 9368, 11841, 12450, 13509]
GACCA:[4113, 7032, 8962, 9149]
GACCG:[4122, 5447, 6768, 9204, 9581, 10726, 12135, 13737]
CCTCC:[4130, 8253, 10763]
GGCTC:[4155]
TTCTA:[4165, 12767]
TATCC:[4194, 4622, 13172]
CTATC:[4200, 5249, 8232, 9009, 11126, 12274, 12727, 12875, 13411, 13852, 13909]
CAAGA:[4228, 6053, 7754, 9870, 10376, 12893, 14176]
TCTGT:[4241, 8849, 9269]
CTGTA:[4242, 8312, 8692, 8850, 9185, 10546, 11143, 11591, 13270]
TCGAT:[4289, 12760, 13588]
CTAGG:[4348, 14147]
TAAAC:[4355, 5702, 6209, 7785, 9288, 10296, 11208, 12368]
GCTAA:[4363, 6318, 10104, 11744, 12321, 14170]
CTAAC:[4364, 6374, 8207, 9410, 10658, 13723]
TAACA:[4374, 11346]
TGCTA:[4402, 9142]
TTGAA:[4412, 9423, 11064, 11565, 13747, 14053]
GAGAC:[4438, 11454, 12151]
CCAAG:[4468, 10796]
CACTC:[4514, 7238, 9247, 12227]
GCACG:[4581, 11859, 13613]
AACAG:[4742, 6376, 6883, 7522, 8120, 8415, 8667, 9606, 9678, 10090, 10159, 11210, 11642, 13635, 14208]
TCGGA:[4780]
CGTAG:[4797, 5693, 5837, 6631, 8056, 8275, 10358, 11026]
TGAAT:[4826, 5618]
GAATC:[4827, 5007, 5619, 5728, 10698, 11330]
CATCC:[4864, 5661, 6545, 7533, 7542, 9348, 9376, 10663, 13472]
TGGAT:[4913]
TGCTT:[4955, 5051]
TCACA:[4960, 11629]
ATAAT:[4964, 5351, 5800, 5893, 6636, 7408, 10381, 10492, 10529, 10569, 10572, 10875, 11394, 12171, 14075]
TTTTA:[5072, 7814, 11875]
TATGA:[5075, 5413, 6714, 8888, 12738]
GGAGA:[5089, 11236, 12150, 12242]
TCTCA:[5119, 5174, 5870, 6050]
TAGAG:[5139]
CATAA:[5203, 5470, 6848, 10491, 10568, 11783]
TTCCC:[5265, 6037, 10534, 10625, 13943]
TCCCT:[5266, 6038, 10535]
CTCCC:[5282, 6014, 8254, 9249, 10764, 12006]
TAGTC:[5315, 11382]
GTCCC:[5317]
GGAGG:[5374, 5724]
GAGGT:[5375, 7780, 8068]
ACCTA:[5438, 10753, 13534]
ACACG:[5442, 9769, 14106]
AGCTC:[5478, 6379, 10904, 10913]
CTCCT:[5480, 6531, 8713, 10948, 12229]
CAAAC:[5514, 5677, 6599, 6792, 6881, 7637, 7829, 8584, 8629, 9470, 9676, 9962, 10088, 10786, 11022, 14014]
GCCTA:[5594, 12282]
TTGTA:[5633, 8074, 9633, 10318]
TGTAG:[5634]
GAGGA:[5725]
TCATC:[5734, 10887, 14143]
AAGTA:[5743, 8021, 10798, 12403, 12652]
TTGGT:[5782, 6417, 9600, 13231]
TGGTC:[5783, 8479, 12311, 12380]
TTCAA:[5796, 11020]
CAGAC:[5817, 6072, 8189, 9856, 10224, 10329, 10643, 12095, 12993, 13024, 13188, 13989]
AGACC:[5818, 7251, 7369, 8190, 9857, 10180, 10225, 10330, 10644, 12994]
GTAGA:[5838, 6195, 6632, 9110, 10188, 10359, 11027]
TAAAT:[5855, 6090]
CTTGA:[5889, 7472, 8042, 8783, 9301, 12012]
TGATA:[5891, 6025, 6281, 8044]
TGTGC:[5974, 6984, 7618, 8735, 10412]
CATAC:[6113, 8061, 9819, 12592, 13012]
TCGCA:[6132, 6434, 9255, 9673]
GTGTA:[6193, 7996, 9260, 12205]
CCTTT:[6205, 9649, 10135, 10312, 10865, 11252]
CTAAT:[6319, 11745]
GGGAA:[6365, 7266, 7428, 10610, 11801, 14118]
GTATA:[6391, 7195, 8023, 8076]
TTCGC:[6433, 9652, 12102]
TTAGC:[6490]
TGATC:[6512, 11491]
ATAGT:[6518, 12145]
ACTCC:[6530, 7477, 9248, 10322, 10947, 12228]
AATAG:[6696, 7248, 7707]
TTAGG:[6808, 14194]
TAGGG:[6809]
TCAGG:[6818, 10557, 11337, 11536, 11855, 13292]
TGTTT:[6839, 8013]
CATGT:[6975, 13476]
GGACA:[7064, 7334, 8293, 12704]
AGGAC:[7097, 7924, 9744, 12394, 13135]
TTGGC:[7121, 10211]
TGGAA:[7148]
TAGTA:[7175, 12039]
TAAGG:[7191]
ATAGA:[7249, 9996]
GGGGA:[7265, 7427, 8291, 9911, 11813]
ACGTC:[7597, 11948, 12326]
TTATA:[7609, 11920]
TATAA:[7610]
AGACT:[7756, 7819, 9280, 12116, 12851, 13189, 13762, 13990]
TTTAA:[7815]
TTAAG:[7816, 8016]
TAAGA:[7817, 8017]
GCGCC:[7888, 9613, 10132, 11694, 11722]
ACTTG:[8041]
TGTAT:[8075, 11619]
TACAT:[8198]
CCCCT:[8204, 12009, 12106]
CCTAA:[8206]
TGACC:[8250, 9148, 12911]
GACCT:[8251, 12741, 12912]
GGGAC:[8292]
TCTCT:[8345, 11792, 13438]
CCTAT:[8541, 12108, 12283, 14083]
GCATC:[8685, 9375, 10238, 10928, 12002]
TGGCC:[8773]
TCTTG:[8782]
GAGAG:[8996, 11237]
TACAC:[9029]
AGTAG:[9109, 9574, 12040]
TGGCT:[9322, 10841, 11903]
TCCAT:[9332, 11198, 12420, 13107]
TGTGT:[9477, 12204]
TGTAC:[9634, 10319]
TCGCG:[9653]
TAACT:[9694, 11588]
GAGGG:[9752, 10607]
TGTGG:[9763, 11360]
TCAGA:[9855, 13208]
GGGGG:[9909, 12842, 12843]
TAGTG:[9928, 10481, 10744, 11797]
TTCAG:[10138, 10556, 11048, 11400, 11652]
AGAGG:[10281, 11238, 11805]
TAAGC:[10421]
TAGCC:[10472]
TTGAG:[10605, 11452]
TCCCC:[10626]
TTAGT:[10743, 12038]
GCCTC:[10762]
TATGT:[10956]
GCCCT:[11193, 11509]
TCGTT:[11216, 11673]
TATTT:[11519]
TGGTT:[11668]
TGCAA:[11687]
ACTAG:[11827]
CTAGT:[11828, 12306]
TTACT:[11833]
TATTA:[11878, 14182]
TACAA:[11881]
TGTCC:[11954]
TTAGA:[12158]
TAGAT:[12159]
GACGA:[12338, 12396, 13263, 13385, 13839, 14031]
TACGG:[12696]
TCGAA:[12808]
TCAAG:[12892]
TGAGC:[13112]
TGCAC:[13127]
TCAAC:[13531]
CCTAG:[13535]
CTAGA:[13536]
AGCTA:[13721]
TCCCA:[13944]
CTAAG:[14171]
TTTAG:[14193]
